{
    "commutingTime": [
        [
            15.0,
            21.940984726031655,
            40.33970549311733,
            56.34155216463196,
            23.555786606915156,
            39.35271268267849,
            29.24692625710472,
            79.55053498853793,
            110.69561530823246,
            131.35825162514922,
            49.64490601960668
        ],
        [
            21.940984726031655,
            15.0,
            21.147736900860284,
            40.88174234557524,
            43.95075925931264,
            58.190665619987136,
            33.625287711871536,
            62.074953983445795,
            94.94993793003201,
            115.10515932008978,
            42.16288493398348
        ],
        [
            40.33970549311733,
            21.147736900860284,
            15.0,
            21.016752147687225,
            63.67840651334227,
            69.55461832703014,
            36.378043013611155,
            40.94296725832218,
            74.02948079787846,
            94.04053676201394,
            30.155375868733937
        ],
        [
            56.34155216463196,
            40.88174234557524,
            21.016752147687225,
            15.0,
            79.78590865406932,
            76.68508816274819,
            40.80129545265921,
            23.79482497790703,
            54.55738227372004,
            75.09374338032237,
            20.365523662990498
        ],
        [
            23.555786606915156,
            43.95075925931264,
            63.67840651334227,
            79.78590865406932,
            15.0,
            37.62843276063738,
            47.764929470278624,
            103.09357692870367,
            133.95289818664494,
            154.67319926072759,
            71.36080505017145
        ],
        [
            39.35271268267849,
            58.190665619987136,
            69.55461832703014,
            76.68508816274819,
            37.62843276063738,
            15.0,
            35.884645223390216,
            99.89860031554882,
            124.7860658287618,
            145.27893580749645,
            60.14158018565062
        ],
        [
            29.24692625710472,
            33.625287711871536,
            36.378043013611155,
            40.80129545265921,
            47.764929470278624,
            35.884645223390216,
            15.0,
            64.09767762266976,
            90.56479435911962,
            111.3070547288206,
            25.508500995013247
        ],
        [
            79.55053498853793,
            62.074953983445795,
            40.94296725832218,
            23.79482497790703,
            103.09357692870367,
            99.89860031554882,
            64.09767762266976,
            15.0,
            33.72602369862907,
            53.19035241389013,
            40.74943723561387
        ],
        [
            110.69561530823246,
            94.94993793003201,
            74.02948079787846,
            54.55738227372004,
            133.95289818664494,
            124.7860658287618,
            90.56479435911962,
            33.72602369862907,
            15.0,
            20.80376954223176,
            65.10061715039366
        ],
        [
            131.35825162514922,
            115.10515932008978,
            94.04053676201394,
            75.09374338032237,
            154.67319926072759,
            145.27893580749645,
            111.3070547288206,
            53.19035241389013,
            20.80376954223176,
            15.0,
            85.81773965528991
        ],
        [
            49.64490601960668,
            42.16288493398348,
            30.155375868733937,
            20.365523662990498,
            71.36080505017145,
            60.14158018565062,
            25.508500995013247,
            40.74943723561387,
            65.10061715039366,
            85.81773965528991,
            15.0
        ]
    ]
}