{
    "commutingTime": [
        [
            15.0,
            33.710466039012665,
            37.71255274225069,
            20.803767961691896,
            43.947955476584966,
            50.055576704272006,
            58.92032292323428,
            62.34012020379478,
            41.415493241514305,
            92.57740369044339,
            51.779988878440086
        ],
        [
            33.710466039012665,
            15.0,
            46.55071742717392,
            30.587623584648362,
            26.630712095091674,
            30.951576082428545,
            62.57545841743289,
            33.74772367527349,
            66.82705475373184,
            86.21301993030467,
            56.48521700629225
        ],
        [
            37.71255274225069,
            46.55071742717392,
            15.0,
            55.937915720652754,
            70.21101770843191,
            34.69632392482962,
            21.229810508175845,
            80.09572381616866,
            29.953125551154262,
            56.35491605706603,
            88.26953593043119
        ],
        [
            20.803767961691896,
            30.587623584648362,
            55.937915720652754,
            15.0,
            26.819517129517738,
            57.58960670623679,
            76.58385404313472,
            48.49478693804879,
            62.068294172940085,
            107.56225461846223,
            32.37794508808044
        ],
        [
            43.947955476584966,
            26.630712095091674,
            70.21101770843191,
            26.819517129517738,
            15.0,
            57.14917397473747,
            88.15436577156471,
            22.790121537005962,
            84.37819748987147,
            112.82021682055162,
            35.38357081829591
        ],
        [
            50.055576704272006,
            30.951576082428545,
            34.69632392482962,
            57.58960670623679,
            57.14917397473747,
            15.0,
            40.47811172618789,
            57.02477452542985,
            63.84452724756583,
            56.19765061174944,
            86.82011501667802
        ],
        [
            58.92032292323428,
            62.57545841743289,
            21.229810508175845,
            76.58385404313472,
            88.15436577156471,
            40.47811172618789,
            15.0,
            94.55296120302081,
            41.91940876857351,
            36.68090851593478,
            108.96100642093359
        ],
        [
            62.34012020379478,
            33.74772367527349,
            80.09572381616866,
            48.49478693804879,
            22.790121537005962,
            57.02477452542985,
            94.55296120302081,
            15.0,
            99.85322605503502,
            112.60457478697268,
            55.39087607685067
        ],
        [
            41.415493241514305,
            66.82705475373184,
            29.953125551154262,
            62.068294172940085,
            84.37819748987147,
            63.84452724756583,
            41.91940876857351,
            99.85322605503502,
            15.0,
            77.93718069656727,
            91.01909080743637
        ],
        [
            92.57740369044339,
            86.21301993030467,
            56.35491605706603,
            107.56225461846223,
            112.82021682055162,
            56.19765061174944,
            36.68090851593478,
            112.60457478697268,
            77.93718069656727,
            15.0,
            139.31042705917227
        ],
        [
            51.779988878440086,
            56.48521700629225,
            88.26953593043119,
            32.37794508808044,
            35.38357081829591,
            86.82011501667802,
            108.96100642093359,
            55.39087607685067,
            91.01909080743637,
            139.31042705917227,
            15.0
        ]
    ]
}