{
    "commutingTime": [
        [
            15.0,
            24.45802002409884,
            35.25374703979429,
            21.994416805407834,
            51.8590117856798,
            39.249789098474736,
            38.109149789731475,
            29.817683866595203,
            75.77829327372346,
            60.595127395046,
            71.48281552672763
        ],
        [
            24.45802002409884,
            15.0,
            24.50236962394823,
            28.972071173683847,
            51.34801121865997,
            23.079138448709397,
            49.471710088317316,
            49.893871102403985,
            77.55489901863174,
            75.54346637300662,
            80.81785051235568
        ],
        [
            35.25374703979429,
            24.50236962394823,
            15.0,
            20.63189987588632,
            28.33012556520552,
            46.59415974806475,
            35.82339020433374,
            65.05465770071501,
            54.32070221492007,
            94.8686736100644,
            61.680592556462386
        ],
        [
            21.994416805407834,
            28.972071173683847,
            20.63189987588632,
            15.0,
            29.88425164316066,
            51.18903397567497,
            20.513051557406722,
            50.04537179759501,
            54.083705296065325,
            81.96465426969189,
            52.75617867565477
        ],
        [
            51.8590117856798,
            51.34801121865997,
            28.33012556520552,
            29.88425164316066,
            15.0,
            74.24216991609606,
            24.999819442856552,
            79.34462769045349,
            26.2190353268349,
            111.60572999859416,
            35.81885601409745
        ],
        [
            39.249789098474736,
            23.079138448709397,
            46.59415974806475,
            51.18903397567497,
            74.24216991609606,
            15.0,
            71.60496891783197,
            53.32024353299564,
            100.46027074646311,
            69.72542645235144,
            103.65317989527682
        ],
        [
            38.109149789731475,
            49.471710088317316,
            35.82339020433374,
            20.513051557406722,
            24.999819442856552,
            71.60496891783197,
            15.0,
            60.18611844899027,
            41.00431502376553,
            92.70509719400485,
            33.39557562056563
        ],
        [
            29.817683866595203,
            49.893871102403985,
            65.05465770071501,
            50.04537179759501,
            79.34462769045349,
            53.32024353299564,
            60.18611844899027,
            15.0,
            100.87222216486745,
            32.5697956093829,
            91.21078964842924
        ],
        [
            75.77829327372346,
            77.55489901863174,
            54.32070221492007,
            54.083705296065325,
            26.2190353268349,
            100.46027074646311,
            41.00431502376553,
            100.87222216486745,
            15.0,
            133.44182997523012,
            24.253002687873213
        ],
        [
            60.595127395046,
            75.54346637300662,
            94.8686736100644,
            81.96465426969189,
            111.60572999859416,
            69.72542645235144,
            92.70509719400485,
            32.5697956093829,
            133.44182997523012,
            15.0,
            123.11157838982513
        ],
        [
            71.48281552672763,
            80.81785051235568,
            61.680592556462386,
            52.75617867565477,
            35.81885601409745,
            103.65317989527682,
            33.39557562056563,
            91.21078964842924,
            24.253002687873213,
            123.11157838982513,
            15.0
        ]
    ]
}