{
    "commutingTime": [
        [
            15.0,
            31.28631153339712,
            33.368194089361374,
            30.810814160663607,
            35.466990893792584,
            54.438036489571985,
            49.57658348215823,
            51.11601991222879,
            70.39420894850298,
            76.15168619932663,
            41.43120463424274
        ],
        [
            31.28631153339712,
            15.0,
            24.73194791386936,
            23.081200265048555,
            51.14314180857431,
            27.28630205681486,
            53.91861699045598,
            20.60482388124918,
            87.84568633841637,
            99.82244451242073,
            68.93841295147071
        ],
        [
            33.368194089361374,
            24.73194791386936,
            15.0,
            44.80834319945996,
            65.59183463112814,
            50.40768709206074,
            73.9556383406755,
            31.54473249278101,
            102.20582197126942,
            109.48386165395885,
            74.64734817437918
        ],
        [
            30.810814160663607,
            23.081200265048555,
            44.80834319945996,
            15.0,
            31.485610143976604,
            28.913551663831942,
            30.865354652431773,
            40.10231707101162,
            66.62003902646623,
            81.31634344057625,
            55.317727848838466
        ],
        [
            35.466990893792584,
            51.14314180857431,
            65.59183463112814,
            31.485610143976604,
            15.0,
            59.40925171236969,
            20.1001984540812,
            70.58769581752935,
            37.002103459797105,
            49.83073388669164,
            28.532087902431197
        ],
        [
            54.438036489571985,
            27.28630205681486,
            50.40768709206074,
            28.913551663831942,
            59.40925171236969,
            15.0,
            52.193438086527884,
            25.897959137494787,
            91.74005341174802,
            108.8304895082153,
            84.22907889404453
        ],
        [
            49.57658348215823,
            53.91861699045598,
            73.9556383406755,
            30.865354652431773,
            20.1001984540812,
            52.193438086527884,
            15.0,
            70.08232147933246,
            40.07913780872076,
            59.89392312762057,
            47.61732763250343
        ],
        [
            51.11601991222879,
            20.60482388124918,
            31.54473249278101,
            40.10231707101162,
            70.58769581752935,
            25.897959137494787,
            70.08232147933246,
            15.0,
            106.63598711003841,
            119.89805288238094,
            89.53985221319664
        ],
        [
            70.39420894850298,
            87.84568633841637,
            102.20582197126942,
            66.62003902646623,
            37.002103459797105,
            91.74005341174802,
            40.07913780872076,
            106.63598711003841,
            15.0,
            23.738638735674428,
            39.402635991989214
        ],
        [
            76.15168619932663,
            99.82244451242073,
            109.48386165395885,
            81.31634344057625,
            49.83073388669164,
            108.8304895082153,
            59.89392312762057,
            119.89805288238094,
            23.738638735674428,
            15.0,
            36.22220713875183
        ],
        [
            41.43120463424274,
            68.93841295147071,
            74.64734817437918,
            55.317727848838466,
            28.532087902431197,
            84.22907889404453,
            47.61732763250343,
            89.53985221319664,
            39.402635991989214,
            36.22220713875183,
            15.0
        ]
    ]
}