{
    "commutingTime": [
        [
            15.0,
            20.99163926132793,
            34.12766680706068,
            42.35132420244215,
            38.55546159909477,
            67.92052839286627,
            60.319364349705126,
            50.31129161088742,
            54.69561283101108,
            80.69839866496702,
            46.0637470706913
        ],
        [
            20.99163926132793,
            15.0,
            53.59830157466467,
            56.895782442225936,
            35.3038496911894,
            73.85568498357634,
            58.30984539429808,
            36.031576089374276,
            61.90695432923916,
            74.31750922674021,
            47.81243390451787
        ],
        [
            34.12766680706068,
            53.59830157466467,
            15.0,
            20.0711099505256,
            68.87524623961883,
            55.325060262386216,
            87.34682153919722,
            84.14192580938033,
            72.76804616389114,
            109.82726238341857,
            47.25402464182858
        ],
        [
            42.35132420244215,
            56.895782442225936,
            20.0711099505256,
            15.0,
            80.63174834600473,
            35.316298101684865,
            101.33732329722673,
            91.5213877928658,
            89.98298062231126,
            122.67842574378551,
            32.26952415497767
        ],
        [
            38.55546159909477,
            35.3038496911894,
            68.87524623961883,
            80.63174834600473,
            15.0,
            105.42209040987188,
            23.13113702166623,
            24.032414358155446,
            31.928458451427197,
            42.14302787912701,
            81.14345529196025
        ],
        [
            67.92052839286627,
            73.85568498357634,
            55.325060262386216,
            35.316298101684865,
            105.42209040987188,
            15.0,
            127.96823710140873,
            109.69823151362841,
            121.10471519922227,
            147.02104454461568,
            27.004299883400726
        ],
        [
            60.319364349705126,
            58.30984539429808,
            87.34682153919722,
            101.33732329722673,
            23.13113702166623,
            127.96823710140873,
            15.0,
            36.233300988148244,
            26.055903369154716,
            23.37231001263088,
            104.14335143264897
        ],
        [
            50.31129161088742,
            36.031576089374276,
            84.14192580938033,
            91.5213877928658,
            24.032414358155446,
            109.69823151362841,
            36.233300988148244,
            15.0,
            54.557952208520724,
            42.861330259172654,
            83.22714714578368
        ],
        [
            54.69561283101108,
            61.90695432923916,
            72.76804616389114,
            89.98298062231126,
            31.928458451427197,
            121.10471519922227,
            26.055903369154716,
            54.557952208520724,
            15.0,
            47.67113392730726,
            100.74678110191891
        ],
        [
            80.69839866496702,
            74.31750922674021,
            109.82726238341857,
            122.67842574378551,
            42.14302787912701,
            147.02104454461568,
            23.37231001263088,
            42.861330259172654,
            47.67113392730726,
            15.0,
            121.88666003789909
        ],
        [
            46.0637470706913,
            47.81243390451787,
            47.25402464182858,
            32.26952415497767,
            81.14345529196025,
            27.004299883400726,
            104.14335143264897,
            83.22714714578368,
            100.74678110191891,
            121.88666003789909,
            15.0
        ]
    ]
}