{
    "commutingTime": [
        [
            15.0,
            28.9895818517089,
            24.517071548590025,
            57.38162367487865,
            27.4722878922315,
            73.1538865219353,
            39.65143050859126,
            48.33794517496717,
            103.20392976652117,
            24.478222774021624,
            20.16140671801023
        ],
        [
            28.9895818517089,
            15.0,
            31.141213828555472,
            29.948393292474304,
            52.46300956916743,
            52.624985144470195,
            24.48851427001359,
            55.21914660090125,
            78.12014362846868,
            53.21651597708473,
            36.566594560606916
        ],
        [
            24.517071548590025,
            31.141213828555472,
            15.0,
            48.67918981371534,
            28.415241304844315,
            54.71226355496219,
            23.167071840723814,
            25.84960743319171,
            87.54751285064322,
            42.54503222407042,
            44.30224907050395
        ],
        [
            57.38162367487865,
            29.948393292474304,
            48.67918981371534,
            15.0,
            75.97913888604937,
            30.066437246695386,
            26.926501688539958,
            64.01022618154879,
            48.721659551825795,
            81.84646778981433,
            66.39385761980776
        ],
        [
            27.4722878922315,
            52.46300956916743,
            28.415241304844315,
            75.97913888604937,
            15.0,
            82.6520456812111,
            51.52352936213295,
            36.827020707131645,
            115.85391343730225,
            23.958053542065056,
            43.10427453674624
        ],
        [
            73.1538865219353,
            52.624985144470195,
            54.71226355496219,
            30.066437246695386,
            82.6520456812111,
            15.0,
            33.54246152977713,
            57.05211396133333,
            33.952480454491,
            95.89151526996397,
            87.62881083467316
        ],
        [
            39.65143050859126,
            24.48851427001359,
            23.167071840723814,
            26.926501688539958,
            51.52352936213295,
            33.54246152977713,
            15.0,
            37.6327832883869,
            64.98534822003644,
            62.48383631863593,
            55.28359873265015
        ],
        [
            48.33794517496717,
            55.21914660090125,
            25.84960743319171,
            64.01022618154879,
            36.827020707131645,
            57.05211396133333,
            37.6327832883869,
            15.0,
            90.80215313640899,
            59.151695899191495,
            68.49222307420047
        ],
        [
            103.20392976652117,
            78.12014362846868,
            87.54751285064322,
            48.721659551825795,
            115.85391343730225,
            33.952480454491,
            64.98534822003644,
            90.80215313640899,
            15.0,
            127.04047789054543,
            114.67572825185358
        ],
        [
            24.478222774021624,
            53.21651597708473,
            42.54503222407042,
            81.84646778981433,
            23.958053542065056,
            95.89151526996397,
            62.48383631863593,
            59.151695899191495,
            127.04047789054543,
            15.0,
            27.212871205048568
        ],
        [
            20.16140671801023,
            36.566594560606916,
            44.30224907050395,
            66.39385761980776,
            43.10427453674624,
            87.62881083467316,
            55.28359873265015,
            68.49222307420047,
            114.67572825185358,
            27.212871205048568,
            15.0
        ]
    ]
}