Cw = 12;

Cx = 100000;

bigM = 999999;

commutingCost = 0.2;

numDays = 10;

numPatients = 5;

patientLatitude = [
	26.240859916787493,24.910598255526924,26.376311767435794,17.070073208469683,26.40429331753513 
];

patientLongitude = [
	12.259871666382862,15.272664820109311,1.7622278147439285,26.60697818542966,18.65147332569327 
];

numOperators = 2;

operatorLatitude = [
	0.09057805905736793,19.130220716284757 
];

operatorLongitude = [
	8.315358117309668,26.33591665267277 
];

operatorSkill = [
	1,1 
];

operatorTime = [
	1800,1800 
];

operatorWage = [
	1.0,1.0 
];

operatorAvailability = [
	[
		1,1,0,0,1,0,1,1,1,0 
	],
	[
		1,1,1,1,1,1,1,1,1,1 
	]
];

operatorStartTime = [
	[
		0,0,0,0,0,60,0,0,0,0 
	],
	[
		0,0,0,0,0,0,0,0,0,0 
	]
];

operatorEndTime = [
	[
		300,300,300,300,300,300,300,300,300,300 
	],
	[
		210,300,300,300,300,300,300,300,300,300 
	]
];

visitRequest = [
	[
		0,0,0,0,0,1,1,0,0,0 
	],
	[
		0,0,0,0,0,0,1,0,0,0 
	],
	[
		0,0,0,0,1,0,0,0,0,1 
	],
	[
		0,0,0,1,1,0,0,0,0,0 
	],
	[
		0,0,1,0,1,0,0,0,1,0 
	]
];

visitPriority = [
	[
		0,0,0,0,0,0,0,0,0,0 
	],
	[
		0,0,0,0,0,0,0,0,0,0 
	],
	[
		0,0,0,0,0,0,0,0,0,0 
	],
	[
		0,0,0,0,0,0,0,0,0,0 
	],
	[
		0,0,0,0,0,0,0,0,0,0 
	]
];

visitSkill = [
	[
		0,0,0,0,0,1,1,0,0,0 
	],
	[
		0,0,0,0,0,0,1,0,0,0 
	],
	[
		0,0,0,0,1,0,0,0,0,1 
	],
	[
		0,0,0,1,2,0,0,0,0,0 
	],
	[
		0,0,1,0,1,0,0,0,1,0 
	]
];

visitStartTime = [
	[
		215,50,40,130,185,140,50,165,160,220 
	],
	[
		225,50,155,55,75,220,40,50,80,190 
	],
	[
		120,120,170,35,170,200,160,70,85,150 
	],
	[
		155,115,175,85,205,130,60,180,175,185 
	],
	[
		110,200,210,80,205,75,80,85,100,125 
	]
];

visitEndTime = [
	[
		265,75,95,180,245,180,85,240,210,270 
	],
	[
		255,135,200,105,105,265,90,95,130,245 
	],
	[
		160,185,225,85,215,265,205,140,145,195 
	],
	[
		205,160,210,145,250,165,115,240,220,235 
	],
	[
		165,250,260,150,255,140,130,135,160,180 
	]
];

commutingTime = [
	[
		0.0,3.2934053310457685,10.498517687735577,17.027706666440253,6.393690815779217,26.446104219290056,15.770105652651266 
	],
	[
		3.2934053310457685,0.0,13.589710231455951,13.781890018310676,3.6942484832065934,25.776685572625073,12.482319720584552 
	],
	[
		10.498517687735577,13.589710231455951,0.0,26.5305050290807,16.889268690392385,27.090280791276182,25.61975836390577 
	],
	[
		17.027706666440253,13.781890018310676,26.5305050290807,0.0,12.264490312188727,24.957696613376932,2.0779032962332913 
	],
	[
		6.393690815779217,3.6942484832065934,16.889268690392385,12.264490312188727,0.0,28.270954853085954,10.581247632194472 
	],
	[
		26.446104219290056,25.776685572625073,27.090280791276182,24.957696613376932,28.270954853085954,0.0,26.215425276759497 
	],
	[
		15.770105652651266,12.482319720584552,25.61975836390577,2.0779032962332913,10.581247632194472,26.215425276759497,0.0 
	]
];

