{
    "commutingTime": [
        [
            15.0,
            35.21240776588281,
            39.65008502177383,
            37.51481245648982,
            27.672888480768197,
            44.86395986486565,
            58.463196663915966,
            66.80293897624435,
            76.45079421925695,
            101.82082030814904,
            60.03863029233372
        ],
        [
            35.21240776588281,
            15.0,
            71.51590004622946,
            23.282268133332447,
            45.95341745346916,
            22.036309053483937,
            30.725377695732433,
            32.34483393573883,
            55.743819819417304,
            79.39397131089635,
            95.21682271979995
        ],
        [
            39.65008502177383,
            71.51590004622946,
            15.0,
            77.1432412285273,
            31.619228982791693,
            71.98976699634808,
            97.82975094157715,
            99.64976489575487,
            115.85140317116681,
            141.20384206869375,
            33.279036440288905
        ],
        [
            37.51481245648982,
            23.282268133332447,
            77.1432412285273,
            15.0,
            59.29404733570745,
            45.30745257449084,
            22.985831484478215,
            48.472219759825734,
            39.23873711646682,
            64.54304489765791,
            93.52536239043346
        ],
        [
            27.672888480768197,
            45.95341745346916,
            31.619228982791693,
            59.29404733570745,
            15.0,
            41.23217864828957,
            75.7451597010457,
            70.00165246124345,
            98.12362564476608,
            123.07232842384623,
            63.291388662052604
        ],
        [
            44.86395986486565,
            22.036309053483937,
            71.98976699634808,
            45.30745257449084,
            41.23217864828957,
            15.0,
            48.78369133359065,
            29.435420665294725,
            75.17507950941466,
            97.10614039225808,
            100.9149454762066
        ],
        [
            58.463196663915966,
            30.725377695732433,
            97.82975094157715,
            22.985831484478215,
            75.7451597010457,
            48.78369133359065,
            15.0,
            37.2663085463231,
            26.55463052895158,
            48.81821978447182,
            116.24640441228239
        ],
        [
            66.80293897624435,
            32.34483393573883,
            99.64976489575487,
            48.472219759825734,
            70.00165246124345,
            29.435420665294725,
            37.2663085463231,
            15.0,
            61.826478180769996,
            78.60231291974704,
            126.21702450706057
        ],
        [
            76.45079421925695,
            55.743819819417304,
            115.85140317116681,
            39.23873711646682,
            98.12362564476608,
            75.17507950941466,
            26.55463052895158,
            61.826478180769996,
            15.0,
            25.370337442720107,
            128.70009587139077
        ],
        [
            101.82082030814904,
            79.39397131089635,
            141.20384206869375,
            64.54304489765791,
            123.07232842384623,
            97.10614039225808,
            48.81821978447182,
            78.60231291974704,
            25.370337442720107,
            15.0,
            153.16119183617317
        ],
        [
            60.03863029233372,
            95.21682271979995,
            33.279036440288905,
            93.52536239043346,
            63.291388662052604,
            100.9149454762066,
            116.24640441228239,
            126.21702450706057,
            128.70009587139077,
            153.16119183617317,
            15.0
        ]
    ]
}