{
    "commutingTime": [
        [
            15.0,
            36.29699983711677,
            38.33488345755977,
            25.860372271939337,
            74.68198739520865,
            46.730288179323516,
            96.90959718567701,
            98.41017010614473,
            46.57157325661797,
            65.2719937602823,
            29.604600806853746
        ],
        [
            36.29699983711677,
            15.0,
            34.19429575369124,
            46.0650360470098,
            38.39294344333051,
            21.19811195749918,
            60.622799855100716,
            63.471442972814515,
            57.31631342570195,
            48.06713330935489,
            55.689689851878924
        ],
        [
            38.33488345755977,
            34.19429575369124,
            15.0,
            61.892724460957076,
            60.405036440532584,
            22.507302896565236,
            81.58319752092167,
            74.42507298094526,
            80.0941623516267,
            27.837844963930717,
            35.05718384675538
        ],
        [
            25.860372271939337,
            46.0650360470098,
            61.892724460957076,
            15.0,
            81.13740483298605,
            63.736442449749276,
            101.63111065604518,
            108.6982967326987,
            21.21053087610763,
            86.81024643681266,
            53.691617148394656
        ],
        [
            74.68198739520865,
            38.39294344333051,
            60.405036440532584,
            81.13740483298605,
            15.0,
            37.905867163307235,
            22.412417541680153,
            29.45647414824154,
            86.23553033911308,
            54.86102132300095,
            90.88743911114733
        ],
        [
            46.730288179323516,
            21.19811195749918,
            22.507302896565236,
            63.736442449749276,
            37.905867163307235,
            15.0,
            59.183414243160016,
            54.02941445730553,
            77.56820194480176,
            27.029129618670098,
            54.91770401857824
        ],
        [
            96.90959718567701,
            60.622799855100716,
            81.58319752092167,
            101.63111065604518,
            22.412417541680153,
            59.183414243160016,
            15.0,
            23.208683173515134,
            104.18382594688293,
            71.42432113977327,
            113.0830682961054
        ],
        [
            98.41017010614473,
            63.471442972814515,
            74.42507298094526,
            108.6982967326987,
            29.45647414824154,
            54.02941445730553,
            23.208683173515134,
            15.0,
            115.36240396738509,
            57.24209521771992,
            108.6977743583629
        ],
        [
            46.57157325661797,
            57.31631342570195,
            80.0941623516267,
            21.21053087610763,
            86.23553033911308,
            77.56820194480176,
            104.18382594688293,
            115.36240396738509,
            15.0,
            102.83465895256114,
            74.89868681270984
        ],
        [
            65.2719937602823,
            48.06713330935489,
            27.837844963930717,
            86.81024643681266,
            54.86102132300095,
            27.029129618670098,
            71.42432113977327,
            57.24209521771992,
            102.83465895256114,
            15.0,
            61.03275035294703
        ],
        [
            29.604600806853746,
            55.689689851878924,
            35.05718384675538,
            53.691617148394656,
            90.88743911114733,
            54.91770401857824,
            113.0830682961054,
            108.6977743583629,
            74.89868681270984,
            61.03275035294703,
            15.0
        ]
    ]
}