{
    "commutingTime": [
        [
            15.0,
            24.324710690004775,
            33.097894146306004,
            38.13499303728364,
            38.62895025929702,
            46.63917891300098,
            77.2805000452229,
            88.67735502288934,
            97.46574472045542,
            27.04826622114451,
            41.07887371919668
        ],
        [
            24.324710690004775,
            15.0,
            53.34755842019867,
            44.474743122325464,
            31.503847326048493,
            60.5661549949675,
            87.21570752423786,
            87.64064373761877,
            105.23706450197831,
            49.76233451205503,
            65.20309815816091
        ],
        [
            33.097894146306004,
            53.34755842019867,
            15.0,
            29.406649808237496,
            47.0217622906951,
            20.514891847094056,
            51.32447645090589,
            75.55156498132357,
            72.45478160494245,
            36.01612291491686,
            23.388168257946482
        ],
        [
            38.13499303728364,
            44.474743122325464,
            29.406649808237496,
            15.0,
            22.066581815042042,
            20.469572258908556,
            42.74612399982318,
            51.22885573941977,
            61.18169619244482,
            56.970567790954675,
            52.43899880028711
        ],
        [
            38.62895025929702,
            31.503847326048493,
            47.0217622906951,
            22.066581815042042,
            15.0,
            42.50593929485058,
            61.28772323835417,
            56.16864757534497,
            76.82577521355589,
            64.08599770893458,
            67.68880249098753
        ],
        [
            46.63917891300098,
            60.5661549949675,
            20.514891847094056,
            20.469572258908556,
            42.50593929485058,
            15.0,
            31.58201435211949,
            56.223854353589765,
            52.57175383488229,
            56.07561081477343,
            42.344727023048385
        ],
        [
            77.2805000452229,
            87.21570752423786,
            51.32447645090589,
            42.74612399982318,
            61.28772323835417,
            31.58201435211949,
            15.0,
            39.54428003156347,
            21.13119577392029,
            87.31428766810023,
            70.26971842704472
        ],
        [
            88.67735502288934,
            87.64064373761877,
            75.55156498132357,
            51.22885573941977,
            56.16864757534497,
            56.223854353589765,
            39.54428003156347,
            15.0,
            37.03596577968423,
            107.81555391639213,
            98.41505305000162
        ],
        [
            97.46574472045542,
            105.23706450197831,
            72.45478160494245,
            61.18169619244482,
            76.82577521355589,
            52.57175383488229,
            21.13119577392029,
            37.03596577968423,
            15.0,
            108.43705869056599,
            91.01575186509451
        ],
        [
            27.04826622114451,
            49.76233451205503,
            36.01612291491686,
            56.970567790954675,
            64.08599770893458,
            56.07561081477343,
            87.31428766810023,
            107.81555391639213,
            108.43705869056599,
            15.0,
            25.88929924624788
        ],
        [
            41.07887371919668,
            65.20309815816091,
            23.388168257946482,
            52.43899880028711,
            67.68880249098753,
            42.344727023048385,
            70.26971842704472,
            98.41505305000162,
            91.01575186509451,
            25.88929924624788,
            15.0
        ]
    ]
}