{
    "commutingTime": [
        [
            15.0,
            36.37760357974517,
            39.74630029240393,
            21.632640106783555,
            29.108588251254908,
            31.429388123685357,
            56.72842454979031,
            55.05649353581223,
            43.03798389186384,
            80.30752871872693,
            26.604157881876908
        ],
        [
            36.37760357974517,
            15.0,
            28.744242627439355,
            57.41745912874994,
            30.779935549910075,
            54.57650406252805,
            20.39914423268017,
            44.276165068052656,
            79.37597318336383,
            116.43925194998371,
            41.24828213877011
        ],
        [
            39.74630029240393,
            28.744242627439355,
            15.0,
            59.81701418558593,
            52.74039816385931,
            68.94997700421966,
            38.25931906651521,
            71.9290520496225,
            77.68553304090969,
            109.30827721496222,
            24.05767020896459
        ],
        [
            21.632640106783555,
            57.41745912874994,
            59.81701418558593,
            15.0,
            41.36717071261646,
            26.39703625557983,
            77.81223083385578,
            65.60535174584678,
            22.545791105018903,
            61.38399998807814,
            41.15917732633898
        ],
        [
            29.108588251254908,
            30.779935549910075,
            52.74039816385931,
            41.36717071261646,
            15.0,
            26.73949523091319,
            47.35029258162022,
            25.966960295687024,
            63.35840136839452,
            102.4881962316707,
            51.464297509702206
        ],
        [
            31.429388123685357,
            54.57650406252805,
            68.94997700421966,
            26.39703625557983,
            26.73949523091319,
            15.0,
            73.1547837144495,
            44.37402702705322,
            43.45189681970533,
            81.56422536832657,
            57.92094723975638
        ],
        [
            56.72842454979031,
            20.39914423268017,
            38.25931906651521,
            77.81223083385578,
            47.35029258162022,
            73.1547837144495,
            15.0,
            51.69379324721654,
            99.75348019836612,
            136.5497589903183,
            57.620686746119915
        ],
        [
            55.05649353581223,
            44.276165068052656,
            71.9290520496225,
            65.60535174584678,
            25.966960295687024,
            44.37402702705322,
            51.69379324721654,
            15.0,
            86.42686931231071,
            125.31832124697193,
            75.8620629238973
        ],
        [
            43.03798389186384,
            79.37597318336383,
            77.68553304090969,
            22.545791105018903,
            63.35840136839452,
            43.45189681970533,
            99.75348019836612,
            86.42686931231071,
            15.0,
            39.13795024706684,
            55.608272186919386
        ],
        [
            80.30752871872693,
            116.43925194998371,
            109.30827721496222,
            61.38399998807814,
            102.4881962316707,
            81.56422536832657,
            136.5497589903183,
            125.31832124697193,
            39.13795024706684,
            15.0,
            85.37808987557932
        ],
        [
            26.604157881876908,
            41.24828213877011,
            24.05767020896459,
            41.15917732633898,
            51.464297509702206,
            57.92094723975638,
            57.620686746119915,
            75.8620629238973,
            55.608272186919386,
            85.37808987557932,
            15.0
        ]
    ]
}