{
    "commutingTime": [
        [
            15.0,
            27.42546073213948,
            39.95412288664177,
            25.51124158141531,
            40.08546908834633,
            39.12477756013061,
            24.856185188586217,
            38.25279515794005,
            76.93904792325914,
            49.00613154086902,
            77.48001799323428
        ],
        [
            27.42546073213948,
            15.0,
            67.15806334679492,
            25.0104383812007,
            24.869313676961806,
            65.00168467930354,
            42.308798122324376,
            53.190728270951325,
            85.98789884483978,
            41.285617858653495,
            74.49855636846756
        ],
        [
            39.95412288664177,
            67.15806334679492,
            15.0,
            55.5499169048726,
            77.62740233788698,
            23.547003876666455,
            36.05518925308279,
            51.55533666078197,
            86.45109210219856,
            74.42088118823169,
            101.52480389255125
        ],
        [
            25.51124158141531,
            25.0104383812007,
            55.5499169048726,
            15.0,
            48.9614221992917,
            62.37969804721698,
            21.96746564964391,
            63.1120104668695,
            100.79424013751422,
            23.50516468346095,
            95.82808733063162
        ],
        [
            40.08546908834633,
            24.869313676961806,
            77.62740233788698,
            48.9614221992917,
            15.0,
            67.60057689502989,
            62.20197490511447,
            44.591533606800866,
            68.18031304425324,
            65.98107417907661,
            50.75210673992474
        ],
        [
            39.12477756013061,
            65.00168467930354,
            23.547003876666455,
            62.37969804721698,
            67.60057689502989,
            15.0,
            48.91939827894772,
            31.37301899666859,
            63.20989807372687,
            84.71712710214473,
            81.34949167501487
        ],
        [
            24.856185188586217,
            42.308798122324376,
            36.05518925308279,
            21.96746564964391,
            62.20197490511447,
            48.91939827894772,
            15.0,
            60.32989727703748,
            99.60372662441854,
            38.36813067546324,
            102.33001887168854
        ],
        [
            38.25279515794005,
            53.190728270951325,
            51.55533666078197,
            63.1120104668695,
            44.591533606800866,
            31.37301899666859,
            60.32989727703748,
            15.0,
            39.27464576308598,
            86.46234417405911,
            50.22585756319081
        ],
        [
            76.93904792325914,
            85.98789884483978,
            86.45109210219856,
            100.79424013751422,
            68.18031304425324,
            63.20989807372687,
            99.60372662441854,
            39.27464576308598,
            15.0,
            123.58937523301422,
            35.1714778867258
        ],
        [
            49.00613154086902,
            41.285617858653495,
            74.42088118823169,
            23.50516468346095,
            65.98107417907661,
            84.71712710214473,
            38.36813067546324,
            86.46234417405911,
            123.58937523301422,
            15.0,
            115.65778492921483
        ],
        [
            77.48001799323428,
            74.49855636846756,
            101.52480389255125,
            95.82808733063162,
            50.75210673992474,
            81.34949167501487,
            102.33001887168854,
            50.22585756319081,
            35.1714778867258,
            115.65778492921483,
            15.0
        ]
    ]
}