{
    "commutingTime": [
        [
            15.0,
            24.832834870669064,
            26.479663956121872,
            39.92132757193541,
            32.80493739151488,
            60.39371010333826,
            38.091498270554126,
            30.397041801356007,
            80.01860624756021,
            20.45047683135526,
            44.9440183525944
        ],
        [
            24.832834870669064,
            15.0,
            39.037695979937595,
            59.28114122248696,
            26.785418021713568,
            52.99999781106942,
            47.68844922754018,
            54.51192897696835,
            62.50121598756432,
            42.65877503361969,
            24.397101542494696
        ],
        [
            26.479663956121872,
            39.037695979937595,
            15.0,
            60.41573080019608,
            57.57383010432349,
            85.75567237527618,
            64.01625790915467,
            29.65001128112275,
            101.12291366786789,
            40.83076761427928,
            63.34943788584077
        ],
        [
            39.92132757193541,
            59.28114122248696,
            60.41573080019608,
            15.0,
            46.04866880812727,
            60.02330206394192,
            23.42679634452476,
            39.848521758916675,
            91.08437550114677,
            20.0357335510642,
            68.39843896741644
        ],
        [
            32.80493739151488,
            26.785418021713568,
            57.57383010432349,
            46.04866880812727,
            15.0,
            28.237791772429645,
            26.468590808132618,
            60.341431932915285,
            49.02269716065968,
            37.85435651381561,
            22.940948185782272
        ],
        [
            60.39371010333826,
            52.99999781106942,
            85.75567237527618,
            60.02330206394192,
            28.237791772429645,
            15.0,
            36.64366428668907,
            85.34156599497459,
            33.52809125453318,
            60.171617111264474,
            36.5890827837081
        ],
        [
            38.091498270554126,
            47.68844922754018,
            64.01625790915467,
            23.42679634452476,
            26.468590808132618,
            36.64366428668907,
            15.0,
            53.5650701481018,
            67.8891585338896,
            27.47353596551612,
            49.3571353271409
        ],
        [
            30.397041801356007,
            54.51192897696835,
            29.65001128112275,
            39.848521758916675,
            60.341431932915285,
            85.34156599497459,
            53.5650701481018,
            15.0,
            109.10057844373816,
            26.137891538659662,
            75.26445779483475
        ],
        [
            80.01860624756021,
            62.50121598756432,
            101.12291366786789,
            91.08437550114677,
            49.02269716065968,
            33.52809125453318,
            67.8891585338896,
            109.10057844373816,
            15.0,
            86.66762660842953,
            38.23031942666748
        ],
        [
            20.45047683135526,
            42.65877503361969,
            40.83076761427928,
            20.0357335510642,
            37.85435651381561,
            60.171617111264474,
            27.47353596551612,
            26.137891538659662,
            86.66762660842953,
            15.0,
            57.14346757457574
        ],
        [
            44.9440183525944,
            24.397101542494696,
            63.34943788584077,
            68.39843896741644,
            22.940948185782272,
            36.5890827837081,
            49.3571353271409,
            75.26445779483475,
            38.23031942666748,
            57.14346757457574,
            15.0
        ]
    ]
}