{
    "commutingTime": [
        [
            15.0,
            25.999642734201803,
            57.533361037529296,
            44.48002570093706,
            20.164364749208495,
            43.6714905709637,
            65.52494031268589,
            35.669999380536176,
            74.64801236494502,
            92.20000404124455,
            95.98974708604152
        ],
        [
            25.999642734201803,
            15.0,
            31.96031549224277,
            29.812619270773826,
            45.755173188034966,
            69.64001184187832,
            88.96824897868208,
            40.59880507146755,
            93.49426034270164,
            108.42484281543283,
            70.80877995108445
        ],
        [
            57.533361037529296,
            31.96031549224277,
            15.0,
            31.191642928491724,
            76.49099049385491,
            100.72610213555305,
            116.42444940583705,
            66.84493656735317,
            116.03813564334605,
            127.53727117186732,
            38.92049438117578
        ],
        [
            44.48002570093706,
            29.812619270773826,
            31.191642928491724,
            15.0,
            58.29191550602898,
            81.79724329484434,
            90.70426588693273,
            69.86870434407815,
            86.70928708666929,
            96.85812555645907,
            60.37987657496854
        ],
        [
            20.164364749208495,
            45.755173188034966,
            76.49099049385491,
            58.29191550602898,
            15.0,
            24.291724899069706,
            46.31416966905327,
            47.749098992822056,
            59.18268245039053,
            78.40421400703514,
            114.22514126883908
        ],
        [
            43.6714905709637,
            69.64001184187832,
            100.72610213555305,
            81.79724329484434,
            24.291724899069706,
            15.0,
            32.93038849205338,
            62.22940439982532,
            54.695344788143736,
            75.26542403152281,
            138.51124570773345
        ],
        [
            65.52494031268589,
            88.96824897868208,
            116.42444940583705,
            90.70426588693273,
            46.31416966905327,
            32.93038849205338,
            15.0,
            92.3995123239961,
            25.808215896605446,
            45.34842160128574,
            150.9362741230566
        ],
        [
            35.669999380536176,
            40.59880507146755,
            66.84493656735317,
            69.86870434407815,
            47.749098992822056,
            62.22940439982532,
            92.3995123239961,
            15.0,
            106.89346372893488,
            125.76682814943942,
            104.15385093767793
        ],
        [
            74.64801236494502,
            93.49426034270164,
            116.03813564334605,
            86.70928708666929,
            59.18268245039053,
            54.695344788143736,
            25.808215896605446,
            106.89346372893488,
            15.0,
            20.57008778460163,
            146.39086533511463
        ],
        [
            92.20000404124455,
            108.42484281543283,
            127.53727117186732,
            96.85812555645907,
            78.40421400703514,
            75.26542403152281,
            45.34842160128574,
            125.76682814943942,
            20.57008778460163,
            15.0,
            154.3660113521443
        ],
        [
            95.98974708604152,
            70.80877995108445,
            38.92049438117578,
            60.37987657496854,
            114.22514126883908,
            138.51124570773345,
            150.9362741230566,
            104.15385093767793,
            146.39086533511463,
            154.3660113521443,
            15.0
        ]
    ]
}