{
    "commutingTime": [
        [
            15.0,
            22.732885981778143,
            34.59462241423461,
            55.24292075179405,
            29.715545544484545,
            60.90028657761021,
            21.740971684844006,
            69.58851233996394,
            30.50898519365711,
            46.94330543685326,
            40.35251078711758
        ],
        [
            22.732885981778143,
            15.0,
            26.74418589931253,
            50.46439143884479,
            36.39461813343219,
            38.3674278890687,
            42.54458920670747,
            49.816115730531024,
            52.94807427195832,
            65.0231257916836,
            49.14265861159561
        ],
        [
            34.59462241423461,
            26.74418589931253,
            15.0,
            23.736463928458466,
            59.94531533339821,
            43.635329039162876,
            55.7685336533273,
            69.32609848608203,
            55.616995673688095,
            81.44487119601008,
            30.851090716949606
        ],
        [
            55.24292075179405,
            50.46439143884479,
            23.736463928458466,
            15.0,
            82.79417281397384,
            58.246566644820454,
            74.55963252422765,
            89.26415393179906,
            68.36527037366037,
            100.4978185835668,
            30.308151492096265
        ],
        [
            29.715545544484545,
            36.39461813343219,
            59.94531533339821,
            82.79417281397384,
            15.0,
            69.07185977961636,
            26.38476265136364,
            61.64365766979157,
            47.89888766425772,
            34.994129365075494,
            69.99575392339369
        ],
        [
            60.90028657761021,
            38.3674278890687,
            43.635329039162876,
            58.246566644820454,
            69.07185977961636,
            15.0,
            80.76329871890002,
            35.42222177555081,
            90.38637152974256,
            101.7539391319631,
            74.46937519513959
        ],
        [
            21.740971684844006,
            42.54458920670747,
            55.7685336533273,
            74.55963252422765,
            26.38476265136364,
            80.76329871890002,
            15.0,
            83.05911629508608,
            21.975807871306188,
            25.959103467040546,
            53.42576769855743
        ],
        [
            69.58851233996394,
            49.816115730531024,
            69.32609848608203,
            89.26415393179906,
            61.64365766979157,
            35.42222177555081,
            83.05911629508608,
            15.0,
            99.60285706482243,
            96.54782160449372,
            97.62712516695336
        ],
        [
            30.50898519365711,
            52.94807427195832,
            55.616995673688095,
            68.36527037366037,
            47.89888766425772,
            90.38637152974256,
            21.975807871306188,
            99.60285706482243,
            15.0,
            39.80412314147009,
            41.1270408136533
        ],
        [
            46.94330543685326,
            65.0231257916836,
            81.44487119601008,
            100.4978185835668,
            34.994129365075494,
            101.7539391319631,
            25.959103467040546,
            96.54782160449372,
            39.80412314147009,
            15.0,
            78.04475931717445
        ],
        [
            40.35251078711758,
            49.14265861159561,
            30.851090716949606,
            30.308151492096265,
            69.99575392339369,
            74.46937519513959,
            53.42576769855743,
            97.62712516695336,
            41.1270408136533,
            78.04475931717445,
            15.0
        ]
    ]
}