{
    "commutingTime": [
        [
            15.0,
            20.36976209155418,
            37.77454232940413,
            39.45701638063486,
            32.44581624443395,
            73.26315872590374,
            41.16993086780313,
            62.997984942089786,
            25.369847537439142,
            76.083544196489,
            87.75938084045316
        ],
        [
            20.36976209155418,
            15.0,
            56.85142542212277,
            20.24799536456392,
            50.896742413777446,
            52.9364033113819,
            30.663959432248973,
            83.29118389922957,
            21.72343656687955,
            95.90052617833796,
            107.98489574164884
        ],
        [
            37.77454232940413,
            56.85142542212277,
            15.0,
            76.82925438812045,
            33.959843595478425,
            109.16976482483794,
            77.69996893718788,
            36.34107865426192,
            48.75109252856028,
            39.509022603671845,
            59.715014814357545
        ],
        [
            39.45701638063486,
            20.24799536456392,
            76.82925438812045,
            15.0,
            66.35533416854533,
            35.21519038480558,
            22.350274472719384,
            101.06749312988426,
            38.55462568963578,
            115.53321736227873,
            125.35024244125987
        ],
        [
            32.44581624443395,
            50.896742413777446,
            33.959843595478425,
            66.35533416854533,
            15.0,
            101.55776873436692,
            57.617779152000814,
            36.7605068718577,
            56.615591223511494,
            58.88930375529722,
            59.69246000567197
        ],
        [
            73.26315872590374,
            52.9364033113819,
            109.16976482483794,
            35.21519038480558,
            101.55776873436692,
            15.0,
            51.21994475137637,
            135.85451571663103,
            63.822503239636724,
            148.54427487675338,
            160.3220539550193
        ],
        [
            41.16993086780313,
            30.663959432248973,
            77.69996893718788,
            22.350274472719384,
            57.617779152000814,
            51.21994475137637,
            15.0,
            94.30128830249853,
            52.38734075428116,
            113.43912584756586,
            117.0869045754903
        ],
        [
            62.997984942089786,
            83.29118389922957,
            36.34107865426192,
            101.06749312988426,
            36.7605068718577,
            135.85451571663103,
            94.30128830249853,
            15.0,
            81.72999474526239,
            28.17837497958492,
            24.878255125877253
        ],
        [
            25.369847537439142,
            21.72343656687955,
            48.75109252856028,
            38.55462568963578,
            56.615591223511494,
            63.822503239636724,
            52.38734075428116,
            81.72999474526239,
            15.0,
            87.88081727686601,
            106.46048939424844
        ],
        [
            76.083544196489,
            95.90052617833796,
            39.509022603671845,
            115.53321736227873,
            58.88930375529722,
            148.54427487675338,
            113.43912584756586,
            28.17837497958492,
            87.88081727686601,
            15.0,
            34.11454814943513
        ],
        [
            87.75938084045316,
            107.98489574164884,
            59.715014814357545,
            125.35024244125987,
            59.69246000567197,
            160.3220539550193,
            117.0869045754903,
            24.878255125877253,
            106.46048939424844,
            34.11454814943513,
            15.0
        ]
    ]
}