{
    "commutingTime": [
        [
            15.0,
            30.84177990184282,
            55.770642350262996,
            32.43765599294299,
            35.73437174538476,
            25.845060931531744,
            24.68836958901501,
            61.360202710255415,
            52.57235813062976,
            33.71107582966532,
            63.60162915035224
        ],
        [
            30.84177990184282,
            15.0,
            25.392293215911923,
            62.796201451576245,
            65.06520003917909,
            36.44570387492442,
            26.17281500977455,
            72.92323218211672,
            35.07767646132938,
            21.228921314857658,
            87.86064644365909
        ],
        [
            55.770642350262996,
            25.392293215911923,
            15.0,
            86.85483144811936,
            90.45025733240978,
            54.09629113027022,
            49.08112374928896,
            84.67761808203446,
            43.009330728717174,
            32.20566960777531,
            112.42746054785735
        ],
        [
            32.43765599294299,
            62.796201451576245,
            86.85483144811936,
            15.0,
            22.8026401332432,
            40.16323143214379,
            53.62455348841733,
            56.93375216141584,
            82.98439355847798,
            59.3939161367848,
            55.208285413840905
        ],
        [
            35.73437174538476,
            65.06520003917909,
            90.45025733240978,
            22.8026401332432,
            15.0,
            54.82203988367507,
            47.0136531108446,
            78.77388999879743,
            75.21614381545088,
            68.9612872182743,
            33.06579671575768
        ],
        [
            25.845060931531744,
            36.44570387492442,
            54.09629113027022,
            40.16323143214379,
            54.82203988367507,
            15.0,
            46.58429072852537,
            38.028664344539,
            69.05714042016844,
            22.30684028055089,
            86.35050971948144
        ],
        [
            24.68836958901501,
            26.17281500977455,
            49.08112374928896,
            53.62455348841733,
            47.0136531108446,
            46.58429072852537,
            15.0,
            84.25373267896747,
            29.4094327979131,
            42.804086753886864,
            63.707377238443115
        ],
        [
            61.360202710255415,
            72.92323218211672,
            84.67761808203446,
            56.93375216141584,
            78.77388999879743,
            38.028664344539,
            84.25373267896747,
            15.0,
            106.80735053321084,
            53.85517079484173,
            111.78813196618685
        ],
        [
            52.57235813062976,
            35.07767646132938,
            43.009330728717174,
            82.98439355847798,
            75.21614381545088,
            69.05714042016844,
            29.4094327979131,
            106.80735053321084,
            15.0,
            56.27575218878085,
            85.27530733490202
        ],
        [
            33.71107582966532,
            21.228921314857658,
            32.20566960777531,
            59.3939161367848,
            68.9612872182743,
            22.30684028055089,
            42.804086753886864,
            53.85517079484173,
            56.27575218878085,
            15.0,
            97.099581401411
        ],
        [
            63.60162915035224,
            87.86064644365909,
            112.42746054785735,
            55.208285413840905,
            33.06579671575768,
            86.35050971948144,
            63.707377238443115,
            111.78813196618685,
            85.27530733490202,
            97.099581401411,
            15.0
        ]
    ]
}