{
    "commutingTime": [
        [
            15.0,
            28.340000387611042,
            27.41616814479824,
            33.907062526084204,
            61.55149865381645,
            55.516732429861875,
            64.09174105879599,
            49.55748112351608,
            83.83603290598097,
            81.04398058177578,
            105.8483705915292
        ],
        [
            28.340000387611042,
            15.0,
            40.376333364666266,
            62.1617562869552,
            76.46234121694697,
            83.73444693589853,
            91.93826789236495,
            74.08735122580055,
            101.00869398685019,
            107.69314510571216,
            130.96929509861803
        ],
        [
            27.41616814479824,
            40.376333364666266,
            15.0,
            40.20793788806514,
            36.549148504339016,
            57.79679511644263,
            73.98455271351993,
            68.94488841478096,
            60.74313564196249,
            73.36689201285327,
            93.45333238104726
        ],
        [
            33.907062526084204,
            62.1617562869552,
            40.20793788806514,
            15.0,
            55.105303519345206,
            21.613238086964937,
            33.83511147920349,
            34.16119652707666,
            69.5691871708085,
            49.62897997656033,
            76.44281351661814
        ],
        [
            61.55149865381645,
            76.46234121694697,
            36.549148504339016,
            55.105303519345206,
            15.0,
            60.84482533147082,
            82.26221851002718,
            89.24372949179359,
            24.891508259439515,
            58.385800396319034,
            68.71785905597571
        ],
        [
            55.516732429861875,
            83.73444693589853,
            57.79679511644263,
            21.613238086964937,
            60.84482533147082,
            15.0,
            21.84686742423674,
            39.74469811475976,
            67.65165797961728,
            31.983822344375323,
            59.85440402542487
        ],
        [
            64.09174105879599,
            91.93826789236495,
            73.98455271351993,
            33.83511147920349,
            82.26221851002718,
            21.84686742423674,
            15.0,
            28.0712467684536,
            89.32741495698174,
            47.558600659019994,
            74.27503785145859
        ],
        [
            49.55748112351608,
            74.08735122580055,
            68.94488841478096,
            34.16119652707666,
            89.24372949179359,
            39.74469811475976,
            28.0712467684536,
            15.0,
            102.8202315916744,
            71.20588830530487,
            98.97650705376587
        ],
        [
            83.83603290598097,
            101.00869398685019,
            60.74313564196249,
            69.5691871708085,
            24.891508259439515,
            67.65165797961728,
            89.32741495698174,
            102.8202315916744,
            15.0,
            52.39359310003055,
            52.24166632056343
        ],
        [
            81.04398058177578,
            107.69314510571216,
            73.36689201285327,
            49.62897997656033,
            58.385800396319034,
            31.983822344375323,
            47.558600659019994,
            71.20588830530487,
            52.39359310003055,
            15.0,
            27.877848267497694
        ],
        [
            105.8483705915292,
            130.96929509861803,
            93.45333238104726,
            76.44281351661814,
            68.71785905597571,
            59.85440402542487,
            74.27503785145859,
            98.97650705376587,
            52.24166632056343,
            27.877848267497694,
            15.0
        ]
    ]
}