{
    "commutingTime": [
        [
            15.0,
            21.32402027732667,
            33.61717853056458,
            37.7992740942,
            37.306919754013194,
            59.392792799289445,
            61.96573907068082,
            25.200736512709735,
            57.5828420760455,
            32.43355422733026,
            67.87432666371052
        ],
        [
            21.32402027732667,
            15.0,
            54.77242349553578,
            26.017436918324165,
            43.323016377178625,
            57.588255284281196,
            48.98123053148216,
            33.375395624005314,
            36.27997724806339,
            49.596412714538886,
            47.566326734242274
        ],
        [
            33.61717853056458,
            54.77242349553578,
            15.0,
            68.60402594206462,
            53.63234918190949,
            79.44135595728982,
            91.56602789653952,
            38.161249790290185,
            91.03282786792794,
            30.854117568977124,
            99.53103734682175
        ],
        [
            37.7992740942,
            26.017436918324165,
            68.60402594206462,
            15.0,
            31.478076904837256,
            34.64134534306627,
            24.268830544739725,
            57.956613142093936,
            37.233237304623906,
            50.66528572957818,
            56.474761914177876
        ],
        [
            37.306919754013194,
            43.323016377178625,
            53.63234918190949,
            31.478076904837256,
            15.0,
            25.819149077743504,
            45.53422823873806,
            62.49468315592534,
            68.10061562358148,
            25.66136467580582,
            85.92373494954312
        ],
        [
            59.392792799289445,
            57.588255284281196,
            79.44135595728982,
            34.64134534306627,
            25.819149077743504,
            15.0,
            32.101558614615335,
            84.06982210932323,
            69.37725909139306,
            50.82806934535954,
            89.82244689056398
        ],
        [
            61.96573907068082,
            48.98123053148216,
            91.56602789653952,
            24.268830544739725,
            45.53422823873806,
            32.101558614615335,
            15.0,
            81.85997514033875,
            43.18464084895896,
            69.62874308820379,
            64.08964760616117
        ],
        [
            25.200736512709735,
            33.375395624005314,
            38.161249790290185,
            57.956613142093936,
            62.49468315592534,
            84.06982210932323,
            81.85997514033875,
            15.0,
            64.17576372367948,
            53.34856776612009,
            66.66672252076965
        ],
        [
            57.5828420760455,
            36.27997724806339,
            91.03282786792794,
            37.233237304623906,
            68.10061562358148,
            69.37725909139306,
            43.18464084895896,
            64.17576372367948,
            15.0,
            82.73032980047836,
            20.95923271841393
        ],
        [
            32.43355422733026,
            49.596412714538886,
            30.854117568977124,
            50.66528572957818,
            25.66136467580582,
            50.82806934535954,
            69.62874308820379,
            53.34856776612009,
            82.73032980047836,
            15.0,
            96.98373568902144
        ],
        [
            67.87432666371052,
            47.566326734242274,
            99.53103734682175,
            56.474761914177876,
            85.92373494954312,
            89.82244689056398,
            64.08964760616117,
            66.66672252076965,
            20.95923271841393,
            96.98373568902144,
            15.0
        ]
    ]
}