{
    "commutingTime": [
        [
            15.0,
            31.300908828224507,
            31.783740550727995,
            31.242120152322954,
            49.78864627845365,
            87.26246961226379,
            67.93232590643983,
            55.54089437620444,
            33.55418584499307,
            90.35334459964663,
            29.91330763224896
        ],
        [
            31.300908828224507,
            15.0,
            24.759705340438405,
            40.35861663028692,
            24.999402851056953,
            61.32518817313571,
            37.68943436297907,
            62.619069555671786,
            59.870478481021706,
            59.5110752335892,
            61.20283513384413
        ],
        [
            31.783740550727995,
            24.759705340438405,
            15.0,
            56.302501928899794,
            49.4919201374493,
            84.22558599534105,
            57.346702196664715,
            38.04891855130769,
            45.626333691175184,
            68.29356427872295,
            56.2757683583971
        ],
        [
            31.242120152322954,
            40.35861663028692,
            56.302501928899794,
            15.0,
            41.28778289054051,
            72.66110973656913,
            63.97858578437207,
            86.34583135903084,
            61.77977328044591,
            94.73606711261519,
            47.47861955951815
        ],
        [
            49.78864627845365,
            24.999402851056953,
            49.4919201374493,
            41.28778289054051,
            15.0,
            37.649222646339844,
            22.764556535272607,
            87.50848211351443,
            82.04650575009536,
            55.31611902205785,
            78.27906149111857
        ],
        [
            87.26246961226379,
            61.32518817313571,
            84.22558599534105,
            72.66110973656913,
            37.649222646339844,
            15.0,
            29.591435182655804,
            121.89329901261488,
            119.69213002495476,
            54.55139603440823,
            114.97537807070674
        ],
        [
            67.93232590643983,
            37.68943436297907,
            57.346702196664715,
            63.97858578437207,
            22.764556535272607,
            29.591435182655804,
            15.0,
            94.00701072427397,
            97.52220024687146,
            34.21337692627767,
            97.59946847998378
        ],
        [
            55.54089437620444,
            62.619069555671786,
            38.04891855130769,
            86.34583135903084,
            87.50848211351443,
            121.89329901261488,
            94.00701072427397,
            15.0,
            40.91626135693238,
            97.21836322453278,
            63.15443791080014
        ],
        [
            33.55418584499307,
            59.870478481021706,
            45.626333691175184,
            61.77977328044591,
            82.04650575009536,
            119.69213002495476,
            97.52220024687146,
            40.91626135693238,
            15.0,
            113.67385809065271,
            23.525989272995105
        ],
        [
            90.35334459964663,
            59.5110752335892,
            68.29356427872295,
            94.73606711261519,
            55.31611902205785,
            54.55139603440823,
            34.21337692627767,
            97.21836322453278,
            113.67385809065271,
            15.0,
            119.91362848754231
        ],
        [
            29.91330763224896,
            61.20283513384413,
            56.2757683583971,
            47.47861955951815,
            78.27906149111857,
            114.97537807070674,
            97.59946847998378,
            63.15443791080014,
            23.525989272995105,
            119.91362848754231,
            15.0
        ]
    ]
}