{
    "commutingTime": [
        [
            15.0,
            32.62116838288183,
            24.355521762255815,
            34.56082822494551,
            29.49202948342657,
            42.11626025023529,
            52.504029980019794,
            53.54651554877641,
            48.315522788605215,
            73.1382201442603,
            54.35058530216036
        ],
        [
            32.62116838288183,
            15.0,
            56.64593757242361,
            63.78024144436125,
            35.28883138654744,
            70.81997829302749,
            73.47342436842119,
            64.56271892645036,
            80.93575757604076,
            96.58904502009706,
            21.729526303854723
        ],
        [
            24.355521762255815,
            56.64593757242361,
            15.0,
            26.19000544393577,
            40.92590941513537,
            22.563565037558607,
            41.34127421682265,
            52.202136659657384,
            25.19594613783159,
            56.630385653701644,
            78.31328667989646
        ],
        [
            34.56082822494551,
            63.78024144436125,
            26.19000544393577,
            15.0,
            61.52709102617728,
            46.65357524900166,
            67.32312786869231,
            77.87076747983886,
            28.803502289845884,
            80.32754533746049,
            84.61269535458794
        ],
        [
            29.49202948342657,
            35.28883138654744,
            40.92590941513537,
            61.52709102617728,
            15.0,
            43.970130007363885,
            39.62321123793163,
            29.517469418908387,
            65.19277296960028,
            63.03965975673685,
            51.781769718793704
        ],
        [
            42.11626025023529,
            70.81997829302749,
            22.563565037558607,
            46.65357524900166,
            43.970130007363885,
            15.0,
            22.85080666942387,
            40.66977382926524,
            30.123735524231066,
            34.136510648145986,
            91.4351029025914
        ],
        [
            52.504029980019794,
            73.47342436842119,
            41.34127421682265,
            67.32312786869231,
            39.62321123793163,
            22.85080666942387,
            15.0,
            21.649034978008906,
            52.903473772024384,
            23.416454645275593,
            91.36353963070931
        ],
        [
            53.54651554877641,
            64.56271892645036,
            52.202136659657384,
            77.87076747983886,
            29.517469418908387,
            40.66977382926524,
            21.649034978008906,
            15.0,
            70.00856764788543,
            41.30665826428682,
            78.9021590679873
        ],
        [
            48.315522788605215,
            80.93575757604076,
            25.19594613783159,
            28.803502289845884,
            65.19277296960028,
            30.123735524231066,
            52.903473772024384,
            70.00856764788543,
            15.0,
            58.47652629873386,
            102.6644374314744
        ],
        [
            73.1382201442603,
            96.58904502009706,
            56.630385653701644,
            80.32754533746049,
            63.03965975673685,
            34.136510648145986,
            23.416454645275593,
            41.30665826428682,
            58.47652629873386,
            15.0,
            114.76952701398376
        ],
        [
            54.35058530216036,
            21.729526303854723,
            78.31328667989646,
            84.61269535458794,
            51.781769718793704,
            91.4351029025914,
            91.36353963070931,
            78.9021590679873,
            102.6644374314744,
            114.76952701398376,
            15.0
        ]
    ]
}