{
    "commutingTime": [
        [
            15.0,
            30.473341615849897,
            34.18681836715692,
            25.521433523851073,
            58.308015002901406,
            84.638303667201,
            31.326977122842045,
            87.004942532822,
            114.73238503572773,
            102.84311957152464,
            139.75508481211966
        ],
        [
            30.473341615849897,
            15.0,
            52.08568423707776,
            26.82783181158402,
            38.577007074891256,
            65.2617786937304,
            20.901083053543235,
            59.739331050881795,
            86.61927794912829,
            79.33120152312324,
            115.14047331611162
        ],
        [
            34.18681836715692,
            52.08568423707776,
            15.0,
            26.762786289742476,
            56.75236514381485,
            76.83128040275736,
            62.7703719948227,
            90.98732932307786,
            118.35412511841139,
            98.69672407308356,
            134.9619352157617
        ],
        [
            25.521433523851073,
            26.82783181158402,
            26.762786289742476,
            15.0,
            35.28959653469381,
            60.256826684485716,
            42.40132117940243,
            67.63705578086925,
            95.54995228867637,
            79.90311446788401,
            116.93742859359712
        ],
        [
            58.308015002901406,
            38.577007074891256,
            56.75236514381485,
            35.28959653469381,
            15.0,
            27.05168905369261,
            59.37212292745753,
            34.41311728696834,
            61.60408518428459,
            44.744110304192695,
            81.78022024033014
        ],
        [
            84.638303667201,
            65.2617786937304,
            76.83128040275736,
            60.256826684485716,
            27.05168905369261,
            15.0,
            85.80238307449295,
            30.46593946505829,
            48.76028059957243,
            22.627133410578892,
            58.13084117561607
        ],
        [
            31.326977122842045,
            20.901083053543235,
            62.7703719948227,
            42.40132117940243,
            59.37212292745753,
            85.80238307449295,
            15.0,
            76.93240184609212,
            102.22007631296798,
            98.49398024680922,
            133.31484608959548
        ],
        [
            87.004942532822,
            59.739331050881795,
            90.98732932307786,
            67.63705578086925,
            34.41311728696834,
            30.46593946505829,
            76.93240184609212,
            15.0,
            27.95975953501029,
            25.5002024295998,
            56.576536837018296
        ],
        [
            114.73238503572773,
            86.61927794912829,
            118.35412511841139,
            95.54995228867637,
            61.60408518428459,
            48.76028059957243,
            102.22007631296798,
            27.95975953501029,
            15.0,
            29.350723327328577,
            37.568336166774316
        ],
        [
            102.84311957152464,
            79.33120152312324,
            98.69672407308356,
            79.90311446788401,
            44.744110304192695,
            22.627133410578892,
            98.49398024680922,
            25.5002024295998,
            29.350723327328577,
            15.0,
            37.04255314636174
        ],
        [
            139.75508481211966,
            115.14047331611162,
            134.9619352157617,
            116.93742859359712,
            81.78022024033014,
            58.13084117561607,
            133.31484608959548,
            56.576536837018296,
            37.568336166774316,
            37.04255314636174,
            15.0
        ]
    ]
}