{
    "commutingTime": [
        [
            15.0,
            27.856611457294715,
            51.064493913974644,
            29.69158706568396,
            59.02251850215903,
            24.64529704471322,
            48.68628095205789,
            31.11430084292043,
            80.46964802454721,
            31.778871619857412,
            31.64020866718144
        ],
        [
            27.856611457294715,
            15.0,
            35.56825041915357,
            29.487020184598826,
            32.61346071764062,
            47.30871539857362,
            39.93515343140978,
            58.93063327395314,
            70.48335010850488,
            53.15813178180765,
            40.43576938469746
        ],
        [
            51.064493913974644,
            35.56825041915357,
            15.0,
            25.176637163583532,
            27.963375290258263,
            55.379399148055725,
            74.71528742506074,
            76.016622399746,
            35.2902941586037,
            82.40275513286772,
            74.59642280507892
        ],
        [
            29.69158706568396,
            29.487020184598826,
            25.176637163583532,
            15.0,
            44.91348731652783,
            30.265096794913728,
            67.44719994792814,
            51.062454360950646,
            50.811721118807554,
            61.338392077555035,
            58.79756443205881
        ],
        [
            59.02251850215903,
            32.61346071764062,
            27.963375290258263,
            44.91348731652783,
            15.0,
            72.9073116887839,
            61.38529315560935,
            89.15054356337376,
            57.73420774728716,
            85.72869587909051,
            71.19141313119172
        ],
        [
            24.64529704471322,
            47.30871539857362,
            55.379399148055725,
            30.265096794913728,
            72.9073116887839,
            15.0,
            73.29911965580516,
            23.122118347333313,
            75.29254562394901,
            45.13024150816341,
            53.88228539000929
        ],
        [
            48.68628095205789,
            39.93515343140978,
            74.71528742506074,
            67.44719994792814,
            61.38529315560935,
            73.29911965580516,
            15.0,
            72.46034767493259,
            109.97240833035625,
            48.63744365466523,
            26.65634036879065
        ],
        [
            31.11430084292043,
            58.93063327395314,
            76.016622399746,
            51.062454360950646,
            89.15054356337376,
            23.122118347333313,
            72.46034767493259,
            15.0,
            98.32703614884312,
            30.627729331166954,
            47.67168569834577
        ],
        [
            80.46964802454721,
            70.48335010850488,
            35.2902941586037,
            50.811721118807554,
            57.73420774728716,
            75.29254562394901,
            109.97240833035625,
            98.32703614884312,
            15.0,
            112.14924744843908,
            107.86742418588607
        ],
        [
            31.778871619857412,
            53.15813178180765,
            82.40275513286772,
            61.338392077555035,
            85.72869587909051,
            45.13024150816341,
            48.63744365466523,
            30.627729331166954,
            112.14924744843908,
            15.0,
            21.99793771815944
        ],
        [
            31.64020866718144,
            40.43576938469746,
            74.59642280507892,
            58.79756443205881,
            71.19141313119172,
            53.88228539000929,
            26.65634036879065,
            47.67168569834577,
            107.86742418588607,
            21.99793771815944,
            15.0
        ]
    ]
}