{
    "commutingTime": [
        [
            15.0,
            37.77394328193192,
            29.738795301328413,
            24.858489758479372,
            38.78977479157802,
            66.29447322686475,
            27.276708819064872,
            71.68290853191459,
            104.44114548789553,
            51.1105266895857,
            97.99820400405095
        ],
        [
            37.77394328193192,
            15.0,
            44.899023495864526,
            53.42711560388339,
            75.58770931670534,
            35.84982880732759,
            30.736489803931136,
            36.49426318390306,
            74.12915535622027,
            67.4615172467315,
            62.97703938809966
        ],
        [
            29.738795301328413,
            44.899023495864526,
            15.0,
            53.93163540736046,
            58.273360985212015,
            80.41159788657052,
            52.859261940885276,
            66.29215137800288,
            89.52243472004635,
            23.721501720851904,
            107.17142244273505
        ],
        [
            24.858489758479372,
            53.42711560388339,
            53.93163540736046,
            15.0,
            28.042963936003986,
            70.992445782558,
            26.9519081125156,
            89.82129245942818,
            125.70721548172934,
            73.19528234733204,
            104.45353725134659
        ],
        [
            38.78977479157802,
            75.58770931670534,
            58.273360985212015,
            28.042963936003986,
            15.0,
            98.16950681977812,
            53.939380278673546,
            110.427811714995,
            142.65329357728567,
            69.66437524220132,
            131.45397909628727
        ],
        [
            66.29447322686475,
            35.84982880732759,
            80.41159788657052,
            70.992445782558,
            98.16950681977812,
            15.0,
            44.251149943325295,
            47.423194537099526,
            85.76187452276406,
            103.28109548882779,
            33.48214122396224
        ],
        [
            27.276708819064872,
            30.736489803931136,
            52.859261940885276,
            26.9519081125156,
            53.939380278673546,
            44.251149943325295,
            15.0,
            66.64678447335062,
            104.86310625139481,
            76.14078752647384,
            77.63216256591438
        ],
        [
            71.68290853191459,
            36.49426318390306,
            66.29215137800288,
            89.82129245942818,
            110.427811714995,
            47.423194537099526,
            66.64678447335062,
            15.0,
            39.798276718958284,
            82.59766796799659,
            53.54731449770871
        ],
        [
            104.44114548789553,
            74.12915535622027,
            89.52243472004635,
            125.70721548172934,
            142.65329357728567,
            85.76187452276406,
            104.86310625139481,
            39.798276718958284,
            15.0,
            97.32060065633284,
            81.44667446791328
        ],
        [
            51.1105266895857,
            67.4615172467315,
            23.721501720851904,
            73.19528234733204,
            69.66437524220132,
            103.28109548882779,
            76.14078752647384,
            82.59766796799659,
            97.32060065633284,
            15.0,
            128.2726675104002
        ],
        [
            97.99820400405095,
            62.97703938809966,
            107.17142244273505,
            104.45353725134659,
            131.45397909628727,
            33.48214122396224,
            77.63216256591438,
            53.54731449770871,
            81.44667446791328,
            128.2726675104002,
            15.0
        ]
    ]
}