{
    "commutingTime": [
        [
            15.0,
            38.77383427324707,
            72.406113378468,
            82.58947001719892,
            21.43015646901486,
            20.583119962401312,
            100.54249668668811,
            78.57700387035779,
            91.66400157978376,
            47.38128974428409,
            48.258371778610076
        ],
        [
            38.77383427324707,
            15.0,
            34.640785584134996,
            45.65675377879854,
            24.08264601155303,
            47.669826674252754,
            66.20849270498933,
            46.130812313003304,
            52.89017483696136,
            83.17296079616703,
            87.03141373605577
        ],
        [
            72.406113378468,
            34.640785584134996,
            15.0,
            31.22457019452193,
            53.691232174422325,
            76.47840776867966,
            53.57332786666796,
            21.14235091813054,
            23.079466690466,
            113.09951306739595,
            120.26886743693103
        ],
        [
            82.58947001719892,
            45.65675377879854,
            31.22457019452193,
            15.0,
            69.66610881480504,
            93.32384745736971,
            22.937834555240315,
            51.827509140306304,
            21.757647297732955,
            128.59028049684477,
            130.12020826006346
        ],
        [
            21.43015646901486,
            24.08264601155303,
            53.691232174422325,
            69.66610881480504,
            15.0,
            23.74670880395945,
            90.22104264117802,
            57.5332719775152,
            74.7779390850784,
            59.930615560837204,
            67.07546183338364
        ],
        [
            20.583119962401312,
            47.669826674252754,
            76.47840776867966,
            93.32384745736971,
            23.74670880395945,
            15.0,
            113.47698617663815,
            77.01512497675263,
            98.18661270053363,
            36.62214341392337,
            48.0217548160067
        ],
        [
            100.54249668668811,
            66.20849270498933,
            53.57332786666796,
            22.937834555240315,
            90.22104264117802,
            113.47698617663815,
            15.0,
            73.39137237089673,
            37.7538876127669,
            147.5791602304522,
            146.51076059535282
        ],
        [
            78.57700387035779,
            46.130812313003304,
            21.14235091813054,
            51.827509140306304,
            57.5332719775152,
            77.01512497675263,
            73.39137237089673,
            15.0,
            38.13056152045032,
            112.75362432499048,
            124.02944425094226
        ],
        [
            91.66400157978376,
            52.89017483696136,
            23.079466690466,
            21.757647297732955,
            74.7779390850784,
            98.18661270053363,
            37.7538876127669,
            38.13056152045032,
            15.0,
            134.6764351304358,
            139.92107625668274
        ],
        [
            47.38128974428409,
            83.17296079616703,
            113.09951306739595,
            128.59028049684477,
            59.930615560837204,
            36.62214341392337,
            147.5791602304522,
            112.75362432499048,
            134.6764351304358,
            15.0,
            24.688772168914987
        ],
        [
            48.258371778610076,
            87.03141373605577,
            120.26886743693103,
            130.12020826006346,
            67.07546183338364,
            48.0217548160067,
            146.51076059535282,
            124.02944425094226,
            139.92107625668274,
            24.688772168914987,
            15.0
        ]
    ]
}