{
    "commutingTime": [
        [
            15.0,
            20.747743775074838,
            30.99507272238181,
            37.32715271389619,
            43.40212800929411,
            71.60285025437237,
            36.748307254019394,
            81.65708055708363,
            117.7699204568813,
            50.151783181708026,
            91.66943479659015
        ],
        [
            20.747743775074838,
            15.0,
            34.477716558375185,
            55.81453054216919,
            23.718087212375913,
            51.579023586217374,
            32.53466084635263,
            62.0851510553688,
            97.62756778294376,
            31.044004938900635,
            70.94610045623227
        ],
        [
            30.99507272238181,
            34.477716558375185,
            15.0,
            37.36556064410769,
            42.60230700340939,
            79.87241525308723,
            64.2061599884059,
            73.62725832829804,
            110.16038647449166,
            62.81816383051783,
            93.32582663386395
        ],
        [
            37.32715271389619,
            55.81453054216919,
            37.36556064410769,
            15.0,
            74.0872529017302,
            107.33719755474185,
            71.84173525995644,
            109.33622593649885,
            146.14240600436074,
            86.67143137386547,
            125.13469956947192
        ],
        [
            43.40212800929411,
            23.718087212375913,
            42.60230700340939,
            74.0872529017302,
            15.0,
            37.90956629777027,
            49.166566037548414,
            38.41382337815999,
            74.3750511262728,
            25.98217766226871,
            51.31881209557263
        ],
        [
            71.60285025437237,
            51.579023586217374,
            79.87241525308723,
            107.33719755474185,
            37.90956629777027,
            15.0,
            54.93246297383946,
            40.37287012523167,
            61.36907613416046,
            22.06127022461467,
            24.851895063289707
        ],
        [
            36.748307254019394,
            32.53466084635263,
            64.2061599884059,
            71.84173525995644,
            49.166566037548414,
            54.93246297383946,
            15.0,
            82.60825602283924,
            113.50059777548626,
            34.823494013952946,
            79.44638450312794
        ],
        [
            81.65708055708363,
            62.0851510553688,
            73.62725832829804,
            109.33622593649885,
            38.41382337815999,
            40.37287012523167,
            82.60825602283924,
            15.0,
            36.818420769156404,
            49.37209694184604,
            30.60809208966733
        ],
        [
            117.7699204568813,
            97.62756778294376,
            110.16038647449166,
            146.14240600436074,
            74.3750511262728,
            61.36907613416046,
            113.50059777548626,
            36.818420769156404,
            15.0,
            78.69257032841662,
            37.711047174524346
        ],
        [
            50.151783181708026,
            31.044004938900635,
            62.81816383051783,
            86.67143137386547,
            25.98217766226871,
            22.06127022461467,
            34.823494013952946,
            49.37209694184604,
            78.69257032841662,
            15.0,
            45.27760981374052
        ],
        [
            91.66943479659015,
            70.94610045623227,
            93.32582663386395,
            125.13469956947192,
            51.31881209557263,
            24.851895063289707,
            79.44638450312794,
            30.60809208966733,
            37.711047174524346,
            45.27760981374052,
            15.0
        ]
    ]
}