{
    "commutingTime": [
        [
            15.0,
            22.67188085878468,
            22.924999068898646,
            50.28210846938247,
            31.369975979754255,
            46.32498507522982,
            51.887572775124944,
            49.09997874564613,
            42.45806203686317,
            55.695371385576735,
            67.12308035813223
        ],
        [
            22.67188085878468,
            15.0,
            44.27512639411316,
            30.004235735389262,
            52.230342243928014,
            61.60305085952953,
            73.56728731753542,
            48.999244912735435,
            29.905020855594376,
            36.09932402411156,
            76.66496164787297
        ],
        [
            22.924999068898646,
            44.27512639411316,
            15.0,
            67.86539986450227,
            27.267413521298955,
            49.847655744733935,
            40.330149395718166,
            66.49262829610765,
            64.89331190316668,
            78.58118673987794,
            75.0555568572995
        ],
        [
            50.28210846938247,
            30.004235735389262,
            67.86539986450227,
            15.0,
            81.35070193180692,
            91.55247583862926,
            102.16926582357164,
            74.1035609281059,
            48.50593963526474,
            39.769857225359175,
            105.07128524480501
        ],
        [
            31.369975979754255,
            52.230342243928014,
            27.267413521298955,
            81.35070193180692,
            15.0,
            23.31664721903607,
            21.643807814294917,
            50.17556442953666,
            59.88894417731753,
            78.40983751639943,
            49.3285415773077
        ],
        [
            46.32498507522982,
            61.60305085952953,
            49.847655744733935,
            91.55247583862926,
            23.31664721903607,
            15.0,
            31.556976441823558,
            37.61257948752211,
            57.34349372389813,
            77.82958463759654,
            26.142848534468293
        ],
        [
            51.887572775124944,
            73.56728731753542,
            40.330149395718166,
            102.16926582357164,
            21.643807814294917,
            31.556976441823558,
            15.0,
            67.11470695367963,
            80.70943911522073,
            99.74636708553716,
            55.06202645351294
        ],
        [
            49.09997874564613,
            48.999244912735435,
            66.49262829610765,
            74.1035609281059,
            50.17556442953666,
            37.61257948752211,
            67.11470695367963,
            15.0,
            27.527964519478623,
            46.896883784776314,
            34.74172048186126
        ],
        [
            42.45806203686317,
            29.905020855594376,
            64.89331190316668,
            48.50593963526474,
            59.88894417731753,
            57.34349372389813,
            80.70943911522073,
            27.527964519478623,
            15.0,
            20.606490992099314,
            61.7252021123427
        ],
        [
            55.695371385576735,
            36.09932402411156,
            78.58118673987794,
            39.769857225359175,
            78.40983751639943,
            77.82958463759654,
            99.74636708553716,
            46.896883784776314,
            20.606490992099314,
            15.0,
            81.58914267293176
        ],
        [
            67.12308035813223,
            76.66496164787297,
            75.0555568572995,
            105.07128524480501,
            49.3285415773077,
            26.142848534468293,
            55.06202645351294,
            34.74172048186126,
            61.7252021123427,
            81.58914267293176,
            15.0
        ]
    ]
}