{
    "commutingTime": [
        [
            15.0,
            39.57331917620644,
            20.436815601187003,
            45.473866773549055,
            30.524788971867412,
            23.577338367738264,
            70.56178134249566,
            65.42774108119384,
            69.80453017843696,
            79.67132922954565,
            92.26194152176056
        ],
        [
            39.57331917620644,
            15.0,
            40.65308513172333,
            73.55766529944444,
            21.61981714313829,
            63.14121509250744,
            31.588349352066246,
            27.413399058828716,
            87.09551215624492,
            45.381122662633636,
            56.959172238048566
        ],
        [
            20.436815601187003,
            40.65308513172333,
            15.0,
            33.03263175395962,
            21.748244702109936,
            33.71852675504078,
            71.67361622634665,
            60.770078752414435,
            51.76506853589573,
            70.44065697470343,
            97.5099193625652
        ],
        [
            45.473866773549055,
            73.55766529944444,
            33.03263175395962,
            15.0,
            53.32047343890863,
            38.719252058383255,
            104.11388183908177,
            91.19305180251614,
            29.819513708548776,
            96.92595985567091,
            130.49147309317328
        ],
        [
            30.524788971867412,
            21.61981714313829,
            21.748244702109936,
            53.32047343890863,
            15.0,
            51.65930065372864,
            50.84255577105178,
            39.03023730996642,
            65.48847454375272,
            50.04742340585584,
            78.03446409100265
        ],
        [
            23.577338367738264,
            63.14121509250744,
            33.71852675504078,
            38.719252058383255,
            51.65930065372864,
            15.0,
            94.08221532433252,
            88.60483715163345,
            68.04844151447337,
            101.68135434916631,
            114.85619850991385
        ],
        [
            70.56178134249566,
            31.588349352066246,
            71.67361622634665,
            104.11388183908177,
            50.84255577105178,
            94.08221532433252,
            15.0,
            20.643070512346625,
            114.01022796618237,
            37.973950257518226,
            29.269935387555073
        ],
        [
            65.42774108119384,
            27.413399058828716,
            60.770078752414435,
            91.19305180251614,
            39.03023730996642,
            88.60483715163345,
            20.643070512346625,
            15.0,
            97.0848967128938,
            20.33872117150516,
            49.33744774519596
        ],
        [
            69.80453017843696,
            87.09551215624492,
            51.76506853589573,
            29.819513708548776,
            65.48847454375272,
            68.04844151447337,
            114.01022796618237,
            97.0848967128938,
            15.0,
            96.54210746787535,
            142.57204433225976
        ],
        [
            79.67132922954565,
            45.381122662633636,
            70.44065697470343,
            96.92595985567091,
            50.04742340585584,
            101.68135434916631,
            37.973950257518226,
            20.33872117150516,
            96.54210746787535,
            15.0,
            63.33644729840765
        ],
        [
            92.26194152176056,
            56.959172238048566,
            97.5099193625652,
            130.49147309317328,
            78.03446409100265,
            114.85619850991385,
            29.269935387555073,
            49.33744774519596,
            142.57204433225976,
            63.33644729840765,
            15.0
        ]
    ]
}