{
    "commutingTime": [
        [
            15.0,
            23.342205111326454,
            40.65341496009147,
            63.51878033500514,
            51.59261260868224,
            31.07811691089033,
            83.8637152650841,
            23.84018007921734,
            69.23119887372988,
            35.735052091708624,
            44.1491670697171
        ],
        [
            23.342205111326454,
            15.0,
            23.630180275506273,
            44.77693603941218,
            43.75500246340362,
            52.34625863052785,
            73.02003451467084,
            30.53862665012083,
            67.20171162354352,
            58.49637647359465,
            30.173906269278742
        ],
        [
            40.65341496009147,
            23.630180275506273,
            15.0,
            22.869974671421648,
            24.218016518644028,
            71.72278302481729,
            49.922386059075066,
            53.976215673186886,
            49.655177419073254,
            70.15463832301515,
            48.76410814222779
        ],
        [
            63.51878033500514,
            44.77693603941218,
            22.869974671421648,
            15.0,
            29.98405555962341,
            94.57973762366372,
            37.832286230098035,
            75.22758380526817,
            51.62819221567241,
            91.94413015182177,
            63.43444561769294
        ],
        [
            51.59261260868224,
            43.75500246340362,
            24.218016518644028,
            29.98405555962341,
            15.0,
            80.76186559437271,
            32.404965881131,
            71.16504483595611,
            25.492479043384353,
            70.38996652778451,
            72.069392197854
        ],
        [
            31.07811691089033,
            52.34625863052785,
            71.72278302481729,
            94.57973762366372,
            80.76186559437271,
            15.0,
            113.13754570900736,
            31.00888317864609,
            94.31745149388114,
            27.780540282576563,
            61.39115450096979
        ],
        [
            83.8637152650841,
            73.02003451467084,
            49.922386059075066,
            37.832286230098035,
            32.404965881131,
            113.13754570900736,
            15.0,
            102.27908486481329,
            30.55856275642261,
            101.08200240084516,
            97.98282340164573
        ],
        [
            23.84018007921734,
            30.53862665012083,
            53.976215673186886,
            75.22758380526817,
            71.16504483595611,
            31.00888317864609,
            102.27908486481329,
            15.0,
            91.5166551342977,
            50.859160177295536,
            30.422241098234604
        ],
        [
            69.23119887372988,
            67.20171162354352,
            49.655177419073254,
            51.62819221567241,
            25.492479043384353,
            94.31745149388114,
            30.55856275642261,
            91.5166551342977,
            15.0,
            76.94984549194855,
            96.60329688138957
        ],
        [
            35.735052091708624,
            58.49637647359465,
            70.15463832301515,
            91.94413015182177,
            70.38996652778451,
            27.780540282576563,
            101.08200240084516,
            50.859160177295536,
            76.94984549194855,
            15.0,
            78.25050265868865
        ],
        [
            44.1491670697171,
            30.173906269278742,
            48.76410814222779,
            63.43444561769294,
            72.069392197854,
            61.39115450096979,
            97.98282340164573,
            30.422241098234604,
            96.60329688138957,
            78.25050265868865,
            15.0
        ]
    ]
}