{
    "commutingTime": [
        [
            15.0,
            28.836491970943353,
            53.939694543652664,
            52.85188766001059,
            38.68589484120977,
            38.49930788701175,
            25.560560979858657,
            28.576171656397857,
            75.5774966860568,
            85.78460749871992,
            72.36522254207226
        ],
        [
            28.836491970943353,
            15.0,
            26.44743380094824,
            36.842474609855806,
            42.29611477677239,
            54.46762146629288,
            22.186895253402724,
            29.63976092511406,
            57.641693581287576,
            56.991966598004375,
            45.11851776944194
        ],
        [
            53.939694543652664,
            26.44743380094824,
            15.0,
            27.497151672767064,
            50.695123106748746,
            68.93992502757429,
            36.32564089050915,
            53.765319467478136,
            39.721227836171884,
            36.28576435267701,
            34.54498468669545
        ],
        [
            52.85188766001059,
            36.842474609855806,
            27.497151672767064,
            15.0,
            30.049555777331562,
            50.66011563874061,
            27.538244086730497,
            65.92126538071203,
            22.730381367986993,
            60.711740142193506,
            62.04126006068055
        ],
        [
            38.68589484120977,
            42.29611477677239,
            50.695123106748746,
            30.049555777331562,
            15.0,
            20.684397593457938,
            20.232013827688995,
            62.93514641446573,
            48.38651650226203,
            86.84819535250442,
            82.61897334800797
        ],
        [
            38.49930788701175,
            54.46762146629288,
            68.93992502757429,
            50.66011563874061,
            20.684397593457938,
            15.0,
            33.68301122623588,
            66.78776497019743,
            68.6392868786014,
            105.19230692060374,
            98.35910712298444
        ],
        [
            25.560560979858657,
            22.186895253402724,
            36.32564089050915,
            27.538244086730497,
            20.232013827688995,
            33.68301122623588,
            15.0,
            44.335292348876386,
            50.182777941005185,
            72.16694904128406,
            64.71419757058437
        ],
        [
            28.576171656397857,
            29.63976092511406,
            53.765319467478136,
            65.92126538071203,
            62.93514641446573,
            66.78776497019743,
            44.335292348876386,
            15.0,
            87.24352206364148,
            75.45586556075578,
            56.96322735006725
        ],
        [
            75.5774966860568,
            57.641693581287576,
            39.721227836171884,
            22.730381367986993,
            48.38651650226203,
            68.6392868786014,
            50.182777941005185,
            87.24352206364148,
            15.0,
            62.38047487978827,
            70.976579962856
        ],
        [
            85.78460749871992,
            56.991966598004375,
            36.28576435267701,
            60.711740142193506,
            86.84819535250442,
            105.19230692060374,
            72.16694904128406,
            75.45586556075578,
            62.38047487978827,
            15.0,
            21.62642422075419
        ],
        [
            72.36522254207226,
            45.11851776944194,
            34.54498468669545,
            62.04126006068055,
            82.61897334800797,
            98.35910712298444,
            64.71419757058437,
            56.96322735006725,
            70.976579962856,
            21.62642422075419,
            15.0
        ]
    ]
}