{
    "commutingTime": [
        [
            15.0,
            28.612594124907538,
            30.31913832698245,
            60.72992121074917,
            63.14485964829607,
            35.46149669118679,
            66.62692608787472,
            78.8635938311903,
            34.38157450355575,
            67.72893395405951,
            102.74531126235564
        ],
        [
            28.612594124907538,
            15.0,
            26.649563395479674,
            32.32119272408918,
            38.138357036257425,
            51.68085045974142,
            88.30039583801187,
            51.39857927152363,
            62.963053062486395,
            96.33496708683897,
            120.04325783771434
        ],
        [
            30.31913832698245,
            26.649563395479674,
            15.0,
            46.653385434450726,
            62.89926585369934,
            29.893838680802457,
            67.25996717581951,
            59.23599235800521,
            58.64979628446508,
            89.57073061237249,
            95.29828563441117
        ],
        [
            60.72992121074917,
            32.32119272408918,
            46.653385434450726,
            15.0,
            28.948625064550058,
            76.4553392687381,
            113.89369077515758,
            20.58477059161421,
            95.10525359293482,
            128.39843518249137,
            140.4773968178979
        ],
        [
            63.14485964829607,
            38.138357036257425,
            62.89926585369934,
            28.948625064550058,
            15.0,
            89.79386826429003,
            126.37420307536824,
            45.269165262361824,
            95.3208994447979,
            128.1537179407932,
            157.83291723421695
        ],
        [
            35.46149669118679,
            51.68085045974142,
            29.893838680802457,
            76.4553392687381,
            89.79386826429003,
            15.0,
            37.47158080620801,
            88.68931414420284,
            43.28388164735476,
            67.48874607713202,
            68.88177033509659
        ],
        [
            66.62692608787472,
            88.30039583801187,
            67.25996717581951,
            113.89369077515758,
            126.37420307536824,
            37.47158080620801,
            15.0,
            125.32089641795041,
            52.83797248326577,
            56.47896619033889,
            39.263302206587625
        ],
        [
            78.8635938311903,
            51.39857927152363,
            59.23599235800521,
            20.58477059161421,
            45.269165262361824,
            88.68931414420284,
            125.32089641795041,
            15.0,
            112.92057480811572,
            145.84744985513362,
            147.61452423501655
        ],
        [
            34.38157450355575,
            62.963053062486395,
            58.64979628446508,
            95.10525359293482,
            95.3208994447979,
            43.28388164735476,
            52.83797248326577,
            112.92057480811572,
            15.0,
            33.396646426338485,
            92.09041390939285
        ],
        [
            67.72893395405951,
            96.33496708683897,
            89.57073061237249,
            128.39843518249137,
            128.1537179407932,
            67.48874607713202,
            56.47896619033889,
            145.84744985513362,
            33.396646426338485,
            15.0,
            90.91847384334025
        ],
        [
            102.74531126235564,
            120.04325783771434,
            95.29828563441117,
            140.4773968178979,
            157.83291723421695,
            68.88177033509659,
            39.263302206587625,
            147.61452423501655,
            92.09041390939285,
            90.91847384334025,
            15.0
        ]
    ]
}