{
    "commutingTime": [
        [
            15.0,
            39.76114222970973,
            40.72433835710186,
            23.16367853196985,
            68.55128296595706,
            88.91174265421401,
            73.73527748579679,
            40.64387576856509,
            89.29612079550408,
            47.44767494749012,
            48.70064396919593
        ],
        [
            39.76114222970973,
            15.0,
            25.707136893499438,
            49.85380905352648,
            39.93763269783488,
            56.49658434385359,
            65.40824646893859,
            43.42716853578498,
            68.69586825433719,
            62.437402593648365,
            30.334295307140952
        ],
        [
            40.72433835710186,
            25.707136893499438,
            15.0,
            60.11226503694802,
            28.46160662623738,
            49.34530817103269,
            40.60450819528185,
            63.5021959437999,
            49.66340670584302,
            79.38163181567501,
            55.224833237247644
        ],
        [
            23.16367853196985,
            49.85380905352648,
            60.11226503694802,
            15.0,
            85.8589114709789,
            104.94117115391454,
            96.18496141604571,
            25.846978435523862,
            109.73333242115923,
            25.03255977083867,
            43.42973906537334
        ],
        [
            68.55128296595706,
            39.93763269783488,
            28.46160662623738,
            85.8589114709789,
            15.0,
            20.957953399323532,
            38.82691691431188,
            83.33546044433739,
            30.407236855946874,
            101.85104232856223,
            68.56024857339793
        ],
        [
            88.91174265421401,
            56.49658434385359,
            49.34530817103269,
            104.94117115391454,
            20.957953399323532,
            15.0,
            51.0684757466388,
            99.3400034878603,
            30.921836214959566,
            118.87372296889951,
            81.81499077632041
        ],
        [
            73.73527748579679,
            65.40824646893859,
            40.60450819528185,
            96.18496141604571,
            38.82691691431188,
            51.0684757466388,
            15.0,
            103.6290643716016,
            26.358431420065234,
            118.02976791102931,
            95.55398940439984
        ],
        [
            40.64387576856509,
            43.42716853578498,
            63.5021959437999,
            25.846978435523862,
            83.33546044433739,
            99.3400034878603,
            103.6290643716016,
            15.0,
            111.34522823518728,
            20.637781021980423,
            22.21666237617294
        ],
        [
            89.29612079550408,
            68.69586825433719,
            49.66340670584302,
            109.73333242115923,
            30.407236855946874,
            30.921836214959566,
            26.358431420065234,
            111.34522823518728,
            15.0,
            128.57206929021038,
            98.33265809256955
        ],
        [
            47.44767494749012,
            62.437402593648365,
            79.38163181567501,
            25.03255977083867,
            101.85104232856223,
            118.87372296889951,
            118.02976791102931,
            20.637781021980423,
            128.57206929021038,
            15.0,
            42.57377528300163
        ],
        [
            48.70064396919593,
            30.334295307140952,
            55.224833237247644,
            43.42973906537334,
            68.56024857339793,
            81.81499077632041,
            95.55398940439984,
            22.21666237617294,
            98.33265809256955,
            42.57377528300163,
            15.0
        ]
    ]
}