{
    "commutingTime": [
        [
            15.0,
            20.968884988847034,
            20.37932086746279,
            41.55054010797577,
            55.48445409600458,
            20.876315305974728,
            32.29582888126969,
            52.415437628145206,
            39.57005984759841,
            64.3571751385172,
            38.35784792410025
        ],
        [
            20.968884988847034,
            15.0,
            24.835053252650106,
            31.35126725760981,
            37.14556022020539,
            37.17733436389785,
            52.244729237620504,
            64.05232101754109,
            43.20308420863016,
            80.2353800688778,
            57.987188451231674
        ],
        [
            20.37932086746279,
            24.835053252650106,
            15.0,
            25.044941604088752,
            45.368365661527726,
            40.67961488035196,
            36.08693310151033,
            39.31281318700483,
            59.050101626154905,
            56.84356228322969,
            54.10280370353117
        ],
        [
            41.55054010797577,
            31.35126725760981,
            25.044941604088752,
            15.0,
            24.35572670464288,
            62.31069877462592,
            60.64172057638047,
            52.90384906350809,
            74.2343417991403,
            74.2670006361808,
            78.48280100588022
        ],
        [
            55.48445409600458,
            37.14556022020539,
            45.368365661527726,
            24.35572670464288,
            15.0,
            74.10272111539076,
            81.24938565173076,
            77.25104319621677,
            77.66232444172289,
            98.4380731445335,
            93.82375085333446
        ],
        [
            20.876315305974728,
            37.17733436389785,
            40.67961488035196,
            62.31069877462592,
            74.10272111539076,
            15.0,
            34.49818003415953,
            65.40869411130377,
            27.184414960406187,
            71.40869709918978,
            22.53528267298887
        ],
        [
            32.29582888126969,
            52.244729237620504,
            36.08693310151033,
            60.64172057638047,
            81.24938565173076,
            34.49818003415953,
            15.0,
            35.914634963224756,
            61.650500302004836,
            37.071544156250894,
            29.557442907032833
        ],
        [
            52.415437628145206,
            64.05232101754109,
            39.31281318700483,
            52.90384906350809,
            77.25104319621677,
            65.40869411130377,
            35.914634963224756,
            15.0,
            90.64103119924789,
            22.446539542329408,
            65.4468476538857
        ],
        [
            39.57005984759841,
            43.20308420863016,
            59.050101626154905,
            74.2343417991403,
            77.66232444172289,
            27.184414960406187,
            61.650500302004836,
            90.64103119924789,
            15.0,
            98.41504002866382,
            44.299871363993695
        ],
        [
            64.3571751385172,
            80.2353800688778,
            56.84356228322969,
            74.2670006361808,
            98.4380731445335,
            71.40869709918978,
            37.071544156250894,
            22.446539542329408,
            98.41504002866382,
            15.0,
            63.98857468880341
        ],
        [
            38.35784792410025,
            57.987188451231674,
            54.10280370353117,
            78.48280100588022,
            93.82375085333446,
            22.53528267298887,
            29.557442907032833,
            65.4468476538857,
            44.299871363993695,
            63.98857468880341,
            15.0
        ]
    ]
}