{
    "commutingTime": [
        [
            15.0,
            20.623212111415402,
            32.519476697516616,
            41.37336342372912,
            64.41982368960606,
            38.08409618573946,
            61.83444865177033,
            47.053237112819644,
            55.36310924877317,
            47.427878312687966,
            72.14337005566277
        ],
        [
            20.623212111415402,
            15.0,
            34.133530217428046,
            21.524058726573784,
            57.79297388667374,
            30.81336151282049,
            41.21156831619491,
            61.54815764931175,
            42.993912248535665,
            28.754703056537927,
            86.11949702021535
        ],
        [
            32.519476697516616,
            34.133530217428046,
            15.0,
            51.51233930083387,
            33.794560403638506,
            64.07428069026622,
            62.820815576719355,
            36.1157049858506,
            32.833563172204634,
            40.41266281334684,
            57.3064193239892
        ],
        [
            41.37336342372912,
            21.524058726573784,
            51.51233930083387,
            15.0,
            65.96119249868039,
            29.04451950362173,
            22.631520123834747,
            82.44921524571886,
            46.545489229822465,
            24.00133575292904,
            106.5935300848682
        ],
        [
            64.41982368960606,
            57.79297388667374,
            33.794560403638506,
            65.96119249868039,
            15.0,
            88.11364489755147,
            65.59432212353016,
            60.878183457861056,
            21.016224179585457,
            44.05123451019652,
            73.26475875709122
        ],
        [
            38.08409618573946,
            30.81336151282049,
            64.07428069026622,
            29.04451950362173,
            88.11364489755147,
            15.0,
            49.79092905040982,
            85.13724795057605,
            71.37631660610968,
            51.430983820720684,
            110.2252390754819
        ],
        [
            61.83444865177033,
            41.21156831619491,
            62.820815576719355,
            22.631520123834747,
            65.59432212353016,
            49.79092905040982,
            15.0,
            97.487343982619,
            44.58384373655253,
            23.26727020492875,
            120.07436829911885
        ],
        [
            47.053237112819644,
            61.54815764931175,
            36.1157049858506,
            82.44921524571886,
            60.878183457861056,
            85.13724795057605,
            97.487343982619,
            15.0,
            67.66305701019346,
            76.0170955435995,
            25.097618712864854
        ],
        [
            55.36310924877317,
            42.993912248535665,
            32.833563172204634,
            46.545489229822465,
            21.016224179585457,
            71.37631660610968,
            44.58384373655253,
            67.66305701019346,
            15.0,
            23.449702637151653,
            85.31469697664987
        ],
        [
            47.427878312687966,
            28.754703056537927,
            40.41266281334684,
            24.00133575292904,
            44.05123451019652,
            51.430983820720684,
            23.26727020492875,
            76.0170955435995,
            23.449702637151653,
            15.0,
            97.6690146581049
        ],
        [
            72.14337005566277,
            86.11949702021535,
            57.3064193239892,
            106.5935300848682,
            73.26475875709122,
            110.2252390754819,
            120.07436829911885,
            25.097618712864854,
            85.31469697664987,
            97.6690146581049,
            15.0
        ]
    ]
}