{
    "commutingTime": [
        [
            15.0,
            21.041422837554137,
            32.51471017740154,
            28.12353312254502,
            41.22280510809272,
            53.41899637456122,
            60.22735836938884,
            88.16385472848872,
            58.39377762370303,
            58.46355275342659,
            68.39805212775022
        ],
        [
            21.041422837554137,
            15.0,
            30.059533723993237,
            23.17521107129368,
            51.084940975461315,
            37.643776194512114,
            45.557475850502044,
            73.93421334603327,
            52.706552608913164,
            52.71739575881832,
            55.919245944190735
        ],
        [
            32.51471017740154,
            30.059533723993237,
            15.0,
            52.05478695398566,
            27.351063521955293,
            66.03678193781244,
            34.15082533672551,
            59.27510552205012,
            25.879162449936725,
            82.58383926518079,
            85.31946245223492
        ],
        [
            28.12353312254502,
            23.17521107129368,
            52.05478695398566,
            15.0,
            68.28790189511348,
            28.863650116005044,
            67.37174095689392,
            95.35701156498394,
            75.78519728660595,
            31.14860630604838,
            40.713411623014586
        ],
        [
            41.22280510809272,
            51.084940975461315,
            27.351063521955293,
            68.28790189511348,
            15.0,
            88.7286403348914,
            58.56343366511344,
            78.89194564084544,
            38.82375952695981,
            99.28515653513463,
            106.52136597665303
        ],
        [
            53.41899637456122,
            37.643776194512114,
            66.03678193781244,
            28.863650116005044,
            88.7286403348914,
            15.0,
            66.53174920358649,
            90.89774054253175,
            84.03415462914423,
            29.955507561382504,
            20.195454879832134
        ],
        [
            60.22735836938884,
            45.557475850502044,
            34.15082533672551,
            67.37174095689392,
            58.56343366511344,
            66.53174920358649,
            15.0,
            28.415038298611186,
            26.71497053981415,
            92.25827536684955,
            86.48567285814464
        ],
        [
            88.16385472848872,
            73.93421334603327,
            59.27510552205012,
            95.35701156498394,
            78.89194564084544,
            90.89774054253175,
            28.415038298611186,
            15.0,
            40.354019394548814,
            118.5322114385538,
            109.99956568350186
        ],
        [
            58.39377762370303,
            52.706552608913164,
            25.879162449936725,
            75.78519728660595,
            38.82375952695981,
            84.03415462914423,
            26.71497053981415,
            40.354019394548814,
            15.0,
            105.02576100574078,
            104.15759998046111
        ],
        [
            58.46355275342659,
            52.71739575881832,
            82.58383926518079,
            31.14860630604838,
            99.28515653513463,
            29.955507561382504,
            92.25827536684955,
            118.5322114385538,
            105.02576100574078,
            15.0,
            21.91541222182322
        ],
        [
            68.39805212775022,
            55.919245944190735,
            85.31946245223492,
            40.713411623014586,
            106.52136597665303,
            20.195454879832134,
            86.48567285814464,
            109.99956568350186,
            104.15759998046111,
            21.91541222182322,
            15.0
        ]
    ]
}