{
    "commutingTime": [
        [
            15.0,
            27.70832251658291,
            31.218465114445486,
            43.40526192700577,
            22.508731278326067,
            50.96732313576324,
            45.350055048832665,
            63.86936194098605,
            61.7351735935622,
            59.150279904178156,
            46.46317740386421
        ],
        [
            27.70832251658291,
            15.0,
            56.04485780062908,
            71.0460244008674,
            26.178070564777066,
            62.53023736523586,
            34.081187587085964,
            89.00452596106285,
            34.04366356747291,
            78.50732089261386,
            29.38128429340412
        ],
        [
            31.218465114445486,
            56.04485780062908,
            15.0,
            23.10681209534766,
            35.89982016247758,
            35.192059064811545,
            76.12751538675488,
            33.02489463034783,
            88.55747476771467,
            31.190669569507904,
            63.178684340996526
        ],
        [
            43.40526192700577,
            71.0460244008674,
            23.10681209534766,
            15.0,
            56.17871712709034,
            56.95942084853352,
            82.4538328143324,
            30.343807909701816,
            104.97119919189204,
            45.26907654564509,
            83.944822882884
        ],
        [
            22.508731278326067,
            26.178070564777066,
            35.89982016247758,
            56.17871712709034,
            15.0,
            36.45262665128713,
            57.22405891617154,
            67.15867010139968,
            54.244016555893,
            53.09392003000866,
            27.766158761265345
        ],
        [
            50.96732313576324,
            62.53023736523586,
            35.192059064811545,
            56.95942084853352,
            36.45262665128713,
            15.0,
            92.97944060009931,
            49.216005919649625,
            86.38405321454253,
            24.466257703222798,
            52.040759617114
        ],
        [
            45.350055048832665,
            34.081187587085964,
            76.12751538675488,
            82.4538328143324,
            57.22405891617154,
            92.97944060009931,
            15.0,
            107.78267423631269,
            47.67379175348572,
            104.3564029268477,
            62.21937933015031
        ],
        [
            63.86936194098605,
            89.00452596106285,
            33.02489463034783,
            30.343807909701816,
            67.15867010139968,
            49.216005919649625,
            107.78267423631269,
            15.0,
            120.98714956319735,
            26.971912865297544,
            92.79672066432884
        ],
        [
            61.7351735935622,
            34.04366356747291,
            88.55747476771467,
            104.97119919189204,
            54.244016555893,
            86.38405321454253,
            47.67379175348572,
            120.98714956319735,
            15.0,
            106.68117337445872,
            35.85648987752142
        ],
        [
            59.150279904178156,
            78.50732089261386,
            31.190669569507904,
            45.26907654564509,
            53.09392003000866,
            24.466257703222798,
            104.3564029268477,
            26.971912865297544,
            106.68117337445872,
            15.0,
            74.32962064762096
        ],
        [
            46.46317740386421,
            29.38128429340412,
            63.178684340996526,
            83.944822882884,
            27.766158761265345,
            52.040759617114,
            62.21937933015031,
            92.79672066432884,
            35.85648987752142,
            74.32962064762096,
            15.0
        ]
    ]
}