{
    "commutingTime": [
        [
            15.0,
            24.504977764671654,
            35.347258758973354,
            38.741767962819,
            58.577945400765024,
            21.985711665024738,
            53.90940809804151,
            40.144162644907986,
            33.77729713511864,
            67.66317070592356,
            46.66690646229061
        ],
        [
            24.504977764671654,
            15.0,
            39.244905579995645,
            28.605445102297246,
            49.17994254000905,
            46.38891893697038,
            33.06822233148414,
            32.00788608613623,
            53.49219421996407,
            43.18094159601952,
            58.017799504117754
        ],
        [
            35.347258758973354,
            39.244905579995645,
            15.0,
            20.81260246023535,
            29.906533619523632,
            47.01476062601998,
            71.13262521216538,
            69.14422420454883,
            66.40211696086229,
            69.36118947127062,
            21.02183454442977
        ],
        [
            38.741767962819,
            28.605445102297246,
            20.81260246023535,
            15.0,
            21.0077932424679,
            57.37058375427895,
            55.519113141363,
            60.594400168630536,
            72.51905494332878,
            49.04403302741914,
            41.60472457314642
        ],
        [
            58.577945400765024,
            49.17994254000905,
            29.906533619523632,
            21.0077932424679,
            15.0,
            75.04002480969197,
            72.27118887105402,
            80.92948331007885,
            92.12577941097811,
            57.72598613173945,
            45.033917191475815
        ],
        [
            21.985711665024738,
            46.38891893697038,
            47.01476062601998,
            57.37058375427895,
            75.04002480969197,
            15.0,
            73.54024401716589,
            54.45206305510175,
            21.992574026940222,
            89.56900815052255,
            48.995411295051476
        ],
        [
            53.90940809804151,
            33.06822233148414,
            71.13262521216538,
            55.519113141363,
            72.27118887105402,
            73.54024401716589,
            15.0,
            26.955522631024486,
            72.1513003055828,
            30.452023491203562,
            90.80075996940809
        ],
        [
            40.144162644907986,
            32.00788608613623,
            69.14422420454883,
            60.594400168630536,
            80.92948331007885,
            54.45206305510175,
            26.955522631024486,
            15.0,
            47.620844327766044,
            55.333602538977175,
            85.19109305317386
        ],
        [
            33.77729713511864,
            53.49219421996407,
            66.40211696086229,
            72.51905494332878,
            92.12577941097811,
            21.992574026940222,
            72.1513003055828,
            47.620844327766044,
            15.0,
            94.4764287561438,
            70.81007199414624
        ],
        [
            67.66317070592356,
            43.18094159601952,
            69.36118947127062,
            49.04403302741914,
            57.72598613173945,
            89.56900815052255,
            30.452023491203562,
            55.333602538977175,
            94.4764287561438,
            15.0,
            90.37739476292516
        ],
        [
            46.66690646229061,
            58.017799504117754,
            21.02183454442977,
            41.60472457314642,
            45.033917191475815,
            48.995411295051476,
            90.80075996940809,
            85.19109305317386,
            70.81007199414624,
            90.37739476292516,
            15.0
        ]
    ]
}