{
    "commutingTime": [
        [
            15.0,
            24.603436340766045,
            37.764110323805866,
            26.975650609948445,
            53.35855962782698,
            64.08220527875501,
            52.9506699274875,
            38.504021453264286,
            94.20204498900874,
            56.93153276592269,
            95.63873362034076
        ],
        [
            24.603436340766045,
            15.0,
            47.153823233254265,
            39.511988760890546,
            28.827117268336277,
            42.857202447421784,
            38.87247277727882,
            58.70480598571169,
            77.22506965805438,
            56.74352674898568,
            73.15408014821591
        ],
        [
            37.764110323805866,
            47.153823233254265,
            15.0,
            64.14023215814628,
            70.10155218100331,
            89.25068102803215,
            42.49441487502485,
            26.01405107391678,
            124.37879620644803,
            94.52647393011172,
            117.54731581615603
        ],
        [
            26.975650609948445,
            39.511988760890546,
            64.14023215814628,
            15.0,
            62.52687826843792,
            63.066935170530826,
            76.27050012748856,
            58.145043579819365,
            83.673455878487,
            33.732521175360986,
            94.35195612519558
        ],
        [
            53.35855962782698,
            28.827117268336277,
            70.10155218100331,
            62.52687826843792,
            15.0,
            23.882188661012297,
            41.93466445332931,
            86.20846139242069,
            61.16068325124227,
            66.3226914045011,
            47.560996399248
        ],
        [
            64.08220527875501,
            42.857202447421784,
            89.25068102803215,
            63.066935170530826,
            23.882188661012297,
            15.0,
            65.66644266424066,
            101.13249557687814,
            37.41676263185272,
            54.211452874148485,
            31.914331446295765
        ],
        [
            52.9506699274875,
            38.87247277727882,
            42.49441487502485,
            76.27050012748856,
            41.93466445332931,
            65.66644266424066,
            15.0,
            66.84669722620653,
            103.05560495400826,
            95.33227351071588,
            86.6645481758496
        ],
        [
            38.504021453264286,
            58.70480598571169,
            26.01405107391678,
            58.145043579819365,
            86.20846139242069,
            101.13249557687814,
            66.84669722620653,
            15.0,
            132.6543810921973,
            91.68323458493015,
            131.85811124262665
        ],
        [
            94.20204498900874,
            77.22506965805438,
            124.37879620644803,
            83.673455878487,
            61.16068325124227,
            37.41676263185272,
            103.05560495400826,
            132.6543810921973,
            15.0,
            59.00658334816672,
            32.857378401171935
        ],
        [
            56.93153276592269,
            56.74352674898568,
            94.52647393011172,
            33.732521175360986,
            66.3226914045011,
            54.211452874148485,
            95.33227351071588,
            91.68323458493015,
            59.00658334816672,
            15.0,
            79.67543977593027
        ],
        [
            95.63873362034076,
            73.15408014821591,
            117.54731581615603,
            94.35195612519558,
            47.560996399248,
            31.914331446295765,
            86.6645481758496,
            131.85811124262665,
            32.857378401171935,
            79.67543977593027,
            15.0
        ]
    ]
}