{
    "commutingTime": [
        [
            15.0,
            32.412503315235256,
            50.815480161271275,
            30.123511356520428,
            21.354465688903883,
            45.48520389391199,
            79.52181891439196,
            42.1495928974498,
            75.57058471020791,
            23.019015348682466,
            97.29157375220295
        ],
        [
            32.412503315235256,
            15.0,
            26.559703183775955,
            21.063710776745914,
            51.55696026491524,
            33.40807949608899,
            56.63011658587434,
            57.82648913457893,
            45.47851959151716,
            53.901354523210344,
            70.97229343179427
        ],
        [
            50.815480161271275,
            26.559703183775955,
            15.0,
            22.214588212292657,
            63.95505990541768,
            58.44063043203786,
            30.30602064080891,
            83.7114819462132,
            27.288823433199358,
            73.83447269671773,
            46.568699370230654
        ],
        [
            30.123511356520428,
            21.063710776745914,
            22.214588212292657,
            15.0,
            41.743801039747794,
            52.93368317149002,
            49.46885185051614,
            68.0500877107859,
            49.10917858655642,
            52.867907660317044,
            67.75955779353764
        ],
        [
            21.354465688903883,
            51.55696026491524,
            63.95505990541768,
            41.743801039747794,
            15.0,
            66.43754143297963,
            89.18587563989418,
            54.13365855334156,
            90.69429907023205,
            22.60066013225749,
            108.54687618306946
        ],
        [
            45.48520389391199,
            33.40807949608899,
            58.44063043203786,
            52.93368317149002,
            66.43754143297963,
            15.0,
            86.85395737542848,
            39.69333156572962,
            68.92933660501286,
            56.170861711492904,
            97.60376514680847
        ],
        [
            79.52181891439196,
            56.63011658587434,
            30.30602064080891,
            49.46885185051614,
            89.18587563989418,
            86.85395737542848,
            15.0,
            114.01727265835534,
            26.41789492431141,
            102.3367060286467,
            20.28317646500708
        ],
        [
            42.1495928974498,
            57.82648913457893,
            83.7114819462132,
            68.0500877107859,
            54.13365855334156,
            39.69333156572962,
            114.01727265835534,
            15.0,
            102.15328974730376,
            33.226288046016975,
            128.7566622050963
        ],
        [
            75.57058471020791,
            45.47851959151716,
            27.288823433199358,
            49.10917858655642,
            90.69429907023205,
            68.92933660501286,
            26.41789492431141,
            102.15328974730376,
            15.0,
            98.28062501929486,
            29.156594122165263
        ],
        [
            23.019015348682466,
            53.901354523210344,
            73.83447269671773,
            52.867907660317044,
            22.60066013225749,
            56.170861711492904,
            102.3367060286467,
            33.226288046016975,
            98.28062501929486,
            15.0,
            120.29565856965662
        ],
        [
            97.29157375220295,
            70.97229343179427,
            46.568699370230654,
            67.75955779353764,
            108.54687618306946,
            97.60376514680847,
            20.28317646500708,
            128.7566622050963,
            29.156594122165263,
            120.29565856965662,
            15.0
        ]
    ]
}