{
    "commutingTime": [
        [
            15.0,
            35.48769977722097,
            48.51398829801395,
            65.86669539107397,
            30.467815037645146,
            75.81450321942047,
            54.65505045435877,
            39.647879397140585,
            57.374239215140435,
            93.6639290374645,
            36.662002900330755
        ],
        [
            35.48769977722097,
            15.0,
            22.40987909934568,
            31.413512594864592,
            65.83544096597386,
            53.22120350669189,
            29.18524964638795,
            31.00161610154637,
            51.08844529391758,
            73.82933010265069,
            54.53840426591313
        ],
        [
            48.51398829801395,
            22.40987909934568,
            15.0,
            38.06320921425212,
            78.01378475007095,
            70.2520308180155,
            47.415698301072275,
            53.367540564676446,
            73.11704756610905,
            91.05705894218394,
            51.44244157459108
        ],
        [
            65.86669539107397,
            31.413512594864592,
            38.06320921425212,
            15.0,
            95.48093029539234,
            37.486568529276525,
            23.167508690359494,
            42.93540251892043,
            54.60435240815769,
            57.01441293911216,
            84.55439851152741
        ],
        [
            30.467815037645146,
            65.83544096597386,
            78.01378475007095,
            95.48093029539234,
            15.0,
            99.40875733439839,
            81.32708520021838,
            62.25899420198924,
            74.18445772749352,
            114.48360063097257,
            47.15139475157963
        ],
        [
            75.81450321942047,
            53.22120350669189,
            70.2520308180155,
            37.486568529276525,
            99.40875733439839,
            15.0,
            24.045462372761143,
            37.22671312032606,
            31.57697066698271,
            20.837560103957173,
            105.72784530710219
        ],
        [
            54.65505045435877,
            29.18524964638795,
            47.415698301072275,
            23.167508690359494,
            81.32708520021838,
            24.045462372761143,
            15.0,
            21.7136193510876,
            31.54263266328755,
            44.66884855448658,
            82.16228701725915
        ],
        [
            39.647879397140585,
            31.00161610154637,
            53.367540564676446,
            42.93540251892043,
            62.25899420198924,
            37.22671312032606,
            21.7136193510876,
            15.0,
            20.83559658066181,
            54.05433480600705,
            73.0855722768226
        ],
        [
            57.374239215140435,
            51.08844529391758,
            73.11704756610905,
            54.60435240815769,
            74.18445772749352,
            31.57697066698271,
            31.54263266328755,
            20.83559658066181,
            15.0,
            41.08314500019757,
            92.64016369611953
        ],
        [
            93.6639290374645,
            73.82933010265069,
            91.05705894218394,
            57.01441293911216,
            114.48360063097257,
            20.837560103957173,
            44.66884855448658,
            54.05433480600705,
            41.08314500019757,
            15.0,
            125.36879404143554
        ],
        [
            36.662002900330755,
            54.53840426591313,
            51.44244157459108,
            84.55439851152741,
            47.15139475157963,
            105.72784530710219,
            82.16228701725915,
            73.0855722768226,
            92.64016369611953,
            125.36879404143554,
            15.0
        ]
    ]
}