{
    "commutingTime": [
        [
            15.0,
            28.74707898360424,
            27.264273460425585,
            39.54449298461105,
            63.11496552520488,
            52.36188777181294,
            48.97513463397675,
            45.51482080276171,
            54.75144068176881,
            81.7175572492323,
            90.49000736118325
        ],
        [
            28.74707898360424,
            15.0,
            33.53558035512959,
            62.468033013056264,
            59.93709480348204,
            78.8134596556589,
            77.51546013806593,
            35.32874523051349,
            65.93693219714032,
            80.70123436600385,
            79.12604391652012
        ],
        [
            27.264273460425585,
            33.53558035512959,
            15.0,
            34.20988196862048,
            35.921171037584315,
            53.72943374820392,
            65.39935933261185,
            64.9442476603582,
            32.546878041252064,
            54.56905432271754,
            64.62293867211227
        ],
        [
            39.54449298461105,
            62.468033013056264,
            34.20988196862048,
            15.0,
            56.119764826014276,
            20.178910860482166,
            43.024430197061136,
            85.03749382148945,
            29.89656542605526,
            66.56485405112954,
            87.9619305185532
        ],
        [
            63.11496552520488,
            59.93709480348204,
            35.921171037584315,
            56.119764826014276,
            15.0,
            75.44970116772204,
            96.48486593851511,
            95.08352142195052,
            30.771110176245724,
            20.795236969718655,
            31.843756219036397
        ],
        [
            52.36188777181294,
            78.8134596556589,
            53.72943374820392,
            20.178910860482166,
            75.44970116772204,
            15.0,
            32.52306722028196,
            96.03451357025622,
            46.86608070058086,
            83.67866840859774,
            107.17804122627584
        ],
        [
            48.97513463397675,
            77.51546013806593,
            65.39935933261185,
            43.024430197061136,
            96.48486593851511,
            32.52306722028196,
            15.0,
            82.02405791350327,
            72.8742293984125,
            109.19769903263561,
            127.89610006591056
        ],
        [
            45.51482080276171,
            35.32874523051349,
            64.9442476603582,
            85.03749382148945,
            95.08352142195052,
            96.03451357025622,
            82.02405791350327,
            15.0,
            96.98799472612964,
            115.77377185097643,
            113.73476543828765
        ],
        [
            54.75144068176881,
            65.93693219714032,
            32.546878041252064,
            29.89656542605526,
            30.771110176245724,
            46.86608070058086,
            72.8742293984125,
            96.98799472612964,
            15.0,
            36.94032973946116,
            61.389996188158946
        ],
        [
            81.7175572492323,
            80.70123436600385,
            54.56905432271754,
            66.56485405112954,
            20.795236969718655,
            83.67866840859774,
            109.19769903263561,
            115.77377185097643,
            36.94032973946116,
            15.0,
            30.811008356146875
        ],
        [
            90.49000736118325,
            79.12604391652012,
            64.62293867211227,
            87.9619305185532,
            31.843756219036397,
            107.17804122627584,
            127.89610006591056,
            113.73476543828765,
            61.389996188158946,
            30.811008356146875,
            15.0
        ]
    ]
}