{
    "commutingTime": [
        [
            15.0,
            21.377649313932004,
            44.13044115076707,
            30.597482581475777,
            25.289963316284812,
            49.176555230177605,
            25.757194137244518,
            66.13176633999696,
            105.57238978044573,
            38.373091661851724,
            44.20002911230881
        ],
        [
            21.377649313932004,
            15.0,
            22.9274971103525,
            35.430415234272566,
            39.31482636459701,
            65.19697024011762,
            46.60695634810389,
            65.95189541209515,
            105.34739655702155,
            37.36423743229817,
            28.899836197629156
        ],
        [
            44.13044115076707,
            22.9274971103525,
            15.0,
            48.5129499581659,
            60.80082659867822,
            86.57102168332756,
            68.63699030519983,
            69.31225949617321,
            105.85517994913863,
            51.16424836802744,
            29.33613222692511
        ],
        [
            30.597482581475777,
            35.430415234272566,
            48.5129499581659,
            15.0,
            55.168209264723906,
            76.32576543775755,
            35.96856488939095,
            35.65528388344126,
            74.9757866536431,
            67.35368442247643,
            64.32446482629742
        ],
        [
            25.289963316284812,
            39.31482636459701,
            60.80082659867822,
            55.168209264723906,
            15.0,
            25.898058680035174,
            33.72725425510853,
            90.81691961465786,
            129.84634287231606,
            26.541861102345237,
            47.37204684692079
        ],
        [
            49.176555230177605,
            65.19697024011762,
            86.57102168332756,
            76.32576543775755,
            25.898058680035174,
            15.0,
            45.4655573934614,
            111.19047284225043,
            148.753770895683,
            44.65211781277495,
            70.18943129763687
        ],
        [
            25.757194137244518,
            46.60695634810389,
            68.63699030519983,
            35.96856488939095,
            33.72725425510853,
            45.4655573934614,
            15.0,
            67.78661713491525,
            103.86338080302636,
            57.47880997801523,
            69.30148692138584
        ],
        [
            66.13176633999696,
            65.95189541209515,
            69.31225949617321,
            35.65528388344126,
            90.81691961465786,
            111.19047284225043,
            67.78661713491525,
            15.0,
            39.74607451061174,
            101.46463330600697,
            93.16639683762153
        ],
        [
            105.57238978044573,
            105.34739655702155,
            105.85517994913863,
            74.9757866536431,
            129.84634287231606,
            148.753770895683,
            103.86338080302636,
            39.74607451061174,
            15.0,
            141.20099396696733,
            131.72509146270147
        ],
        [
            38.373091661851724,
            37.36423743229817,
            51.16424836802744,
            67.35368442247643,
            26.541861102345237,
            44.65211781277495,
            57.47880997801523,
            101.46463330600697,
            141.20099396696733,
            15.0,
            27.11239001987157
        ],
        [
            44.20002911230881,
            28.899836197629156,
            29.33613222692511,
            64.32446482629742,
            47.37204684692079,
            70.18943129763687,
            69.30148692138584,
            93.16639683762153,
            131.72509146270147,
            27.11239001987157,
            15.0
        ]
    ]
}