{
    "commutingTime": [
        [
            15.0,
            28.187966896493524,
            31.55816644634185,
            65.59466480812861,
            25.221624535527727,
            27.63218959820145,
            45.33124366795895,
            61.709105423149516,
            32.28691639230853,
            58.969541332749046,
            62.16569953921794
        ],
        [
            28.187966896493524,
            15.0,
            57.335393129578286,
            84.9646996430562,
            53.206727349950754,
            35.88266893109268,
            64.24725133708668,
            35.99385435489135,
            47.31586311850707,
            87.12995276942614,
            36.36748809161123
        ],
        [
            31.55816644634185,
            57.335393129578286,
            15.0,
            38.30523731178395,
            21.507536069472756,
            32.954137326036374,
            22.533089424145672,
            92.58774865437921,
            52.2891646135063,
            35.18938946596404,
            85.75786331273177
        ],
        [
            65.59466480812861,
            84.9646996430562,
            38.30523731178395,
            15.0,
            59.49828158536102,
            50.035494835967455,
            20.814848056890604,
            120.76654620231467,
            90.5106848921416,
            54.83835066768052,
            102.85065403436937
        ],
        [
            25.221624535527727,
            53.206727349950754,
            21.507536069472756,
            59.49828158536102,
            15.0,
            43.31928284090383,
            43.68965124048546,
            84.79521933467903,
            32.38106338278748,
            34.873668652286156,
            87.22065748694382
        ],
        [
            27.63218959820145,
            35.88266893109268,
            32.954137326036374,
            50.035494835967455,
            43.31928284090383,
            15.0,
            29.995054479811472,
            71.07178249641498,
            59.90194069912485,
            68.07083362949956,
            54.998253298824515
        ],
        [
            45.33124366795895,
            64.24725133708668,
            22.533089424145672,
            20.814848056890604,
            43.68965124048546,
            29.995054479811472,
            15.0,
            100.13472049179396,
            72.43217204348657,
            51.121162280592095,
            84.32008441093889
        ],
        [
            61.709105423149516,
            35.99385435489135,
            92.58774865437921,
            120.76654620231467,
            84.79521933467903,
            71.07178249641498,
            100.13472049179396,
            15.0,
            66.93303371250686,
            119.64592294716789,
            38.18345365430434
        ],
        [
            32.28691639230853,
            47.31586311850707,
            52.2891646135063,
            90.5106848921416,
            32.38106338278748,
            59.90194069912485,
            72.43217204348657,
            66.93303371250686,
            15.0,
            62.29034973097403,
            83.35864221898552
        ],
        [
            58.969541332749046,
            87.12995276942614,
            35.18938946596404,
            54.83835066768052,
            34.873668652286156,
            68.07083362949956,
            51.121162280592095,
            119.64592294716789,
            62.29034973097403,
            15.0,
            119.12779700198243
        ],
        [
            62.16569953921794,
            36.36748809161123,
            85.75786331273177,
            102.85065403436937,
            87.22065748694382,
            54.998253298824515,
            84.32008441093889,
            38.18345365430434,
            83.35864221898552,
            119.12779700198243,
            15.0
        ]
    ]
}