{
    "commutingTime": [
        [
            15.0,
            20.008718724019705,
            32.84069481437213,
            39.497251070081674,
            40.341634794425275,
            64.07043249968974,
            35.949604343578926,
            38.280217995897914,
            57.14652511332758,
            62.062185254035604,
            55.385359286718796
        ],
        [
            20.008718724019705,
            15.0,
            38.51839797497464,
            56.35930375155546,
            23.0353455479066,
            69.1648926806398,
            21.4152925881679,
            58.28873943524654,
            37.380413513232455,
            45.88073307676266,
            47.220496149492114
        ],
        [
            32.84069481437213,
            38.51839797497464,
            15.0,
            31.207849185383733,
            60.87774899918647,
            31.5996386378106,
            34.13003063226036,
            50.2086894304639,
            69.49018663129084,
            53.79743629574118,
            33.70804458079669
        ],
        [
            39.497251070081674,
            56.35930375155546,
            31.207849185383733,
            15.0,
            78.88423312907372,
            45.0333691176696,
            61.597600150646564,
            26.238409020895304,
            92.91490714694932,
            84.24991910140388,
            64.72678849167536
        ],
        [
            40.341634794425275,
            23.0353455479066,
            60.87774899918647,
            78.88423312907372,
            15.0,
            90.41747210842152,
            34.20277668019362,
            77.22344127496275,
            20.844640280621537,
            49.05203007809035,
            61.37078630591674
        ],
        [
            64.07043249968974,
            69.1648926806398,
            31.5996386378106,
            45.0333691176696,
            90.41747210842152,
            15.0,
            58.933404529168534,
            70.78862400849864,
            95.25310921084123,
            68.77135959332387,
            41.84904399053246
        ],
        [
            35.949604343578926,
            21.4152925881679,
            34.13003063226036,
            61.597600150646564,
            34.20277668019362,
            58.933404529168534,
            15.0,
            71.49146925626987,
            36.41747204821795,
            26.119877850047818,
            27.463468293864683
        ],
        [
            38.280217995897914,
            58.28873943524654,
            50.2086894304639,
            26.238409020895304,
            77.22344127496275,
            70.78862400849864,
            71.49146925626987,
            15.0,
            95.2607952102884,
            97.01326569030319,
            82.95982027558337
        ],
        [
            57.14652511332758,
            37.380413513232455,
            69.49018663129084,
            92.91490714694932,
            20.844640280621537,
            95.25310921084123,
            36.41747204821795,
            95.2607952102884,
            15.0,
            38.48744457646974,
            59.025051696391266
        ],
        [
            62.062185254035604,
            45.88073307676266,
            53.79743629574118,
            84.24991910140388,
            49.05203007809035,
            68.77135959332387,
            26.119877850047818,
            97.01326569030319,
            38.48744457646974,
            15.0,
            27.07792370882491
        ],
        [
            55.385359286718796,
            47.220496149492114,
            33.70804458079669,
            64.72678849167536,
            61.37078630591674,
            41.84904399053246,
            27.463468293864683,
            82.95982027558337,
            59.025051696391266,
            27.07792370882491,
            15.0
        ]
    ]
}