{
    "commutingTime": [
        [
            15.0,
            25.604728367074642,
            43.48127096870969,
            27.793727368304232,
            32.6941551804693,
            27.53421320409524,
            71.08045621813159,
            53.736339404406415,
            54.990197848728755,
            45.46075671914295,
            60.04935326770362
        ],
        [
            25.604728367074642,
            15.0,
            22.59431656348525,
            30.075396164113247,
            37.39665129443533,
            48.02970045131194,
            49.90211661195293,
            71.00928202932006,
            50.716240374050535,
            69.74959093984198,
            41.47387856150814
        ],
        [
            43.48127096870969,
            22.59431656348525,
            15.0,
            30.653921192616128,
            59.860242892826214,
            69.18128695412835,
            27.866457325513164,
            93.23814214164977,
            70.54514531230593,
            88.93937173710002,
            52.3634800705342
        ],
        [
            27.793727368304232,
            30.075396164113247,
            30.653921192616128,
            15.0,
            58.041702882159655,
            54.667833244397066,
            53.127678623849505,
            81.16618664307587,
            77.25067243381336,
            67.92257026314269,
            71.49211311384732
        ],
        [
            32.6941551804693,
            37.39665129443533,
            59.860242892826214,
            58.041702882159655,
            15.0,
            26.12602852373794,
            86.32714856083801,
            37.93513623027788,
            23.97413803362308,
            50.28306393474574,
            43.29733938808466
        ],
        [
            27.53421320409524,
            48.02970045131194,
            69.18128695412835,
            54.667833244397066,
            26.12602852373794,
            15.0,
            97.04765905557504,
            26.540182272062033,
            48.804171003304255,
            24.65626645247192,
            68.22398935109285
        ],
        [
            71.08045621813159,
            49.90211661195293,
            27.866457325513164,
            53.127678623849505,
            86.32714856083801,
            97.04765905557504,
            15.0,
            120.88660315291811,
            93.37359160943224,
            116.44169885222175,
            68.32324076595458
        ],
        [
            53.736339404406415,
            71.00928202932006,
            93.23814214164977,
            81.16618664307587,
            37.93513623027788,
            26.540182272062033,
            120.88660315291811,
            15.0,
            51.19500551577707,
            30.04376960453118,
            79.70139409586072
        ],
        [
            54.990197848728755,
            50.716240374050535,
            70.54514531230593,
            77.25067243381336,
            23.97413803362308,
            48.804171003304255,
            93.37359160943224,
            51.19500551577707,
            15.0,
            71.43526182706333,
            32.6320724335471
        ],
        [
            45.46075671914295,
            69.74959093984198,
            88.93937173710002,
            67.92257026314269,
            50.28306393474574,
            24.65626645247192,
            116.44169885222175,
            30.04376960453118,
            71.43526182706333,
            15.0,
            92.86540434924831
        ],
        [
            60.04935326770362,
            41.47387856150814,
            52.3634800705342,
            71.49211311384732,
            43.29733938808466,
            68.22398935109285,
            68.32324076595458,
            79.70139409586072,
            32.6320724335471,
            92.86540434924831,
            15.0
        ]
    ]
}