{
    "commutingTime": [
        [
            15.0,
            32.298909271477186,
            57.00681789992222,
            33.894758170163115,
            55.22092549490476,
            27.586576775642527,
            26.888819625989218,
            55.113350768890506,
            53.67898844494368,
            29.005125187339065,
            87.3470990680181
        ],
        [
            32.298909271477186,
            15.0,
            24.74046310355441,
            66.17123429053035,
            80.9596272407332,
            51.75127940652413,
            54.014859592186454,
            33.86419023101097,
            28.405666029881832,
            25.486760465087496,
            70.69472587479332
        ],
        [
            57.00681789992222,
            24.74046310355441,
            15.0,
            90.83072391240448,
            102.50710799313396,
            73.97023826320803,
            77.92248616581503,
            34.877813502069486,
            23.48676214197608,
            44.563577626200704,
            67.96522217658244
        ],
        [
            33.894758170163115,
            66.17123429053035,
            90.83072391240448,
            15.0,
            38.433636685245325,
            30.15181753720574,
            27.134674110870566,
            85.85582363291141,
            84.93968208867523,
            57.977053451284405,
            113.41793514970736
        ],
        [
            55.22092549490476,
            80.9596272407332,
            102.50710799313396,
            38.433636685245325,
            15.0,
            29.28675678650893,
            63.42586051200796,
            109.74449827727264,
            87.93102947942941,
            84.20921651511982,
            142.52159640436673
        ],
        [
            27.586576775642527,
            51.75127940652413,
            73.97023826320803,
            30.15181753720574,
            29.28675678650893,
            15.0,
            44.38209173208323,
            80.79951355201162,
            61.79595564082567,
            56.28891217032605,
            114.52854440674611
        ],
        [
            26.888819625989218,
            54.014859592186454,
            77.92248616581503,
            27.134674110870566,
            63.42586051200796,
            44.38209173208323,
            15.0,
            64.20647889412244,
            79.18935994599467,
            36.979382244814104,
            87.81660864731722
        ],
        [
            55.113350768890506,
            33.86419023101097,
            34.877813502069486,
            85.85582363291141,
            109.74449827727264,
            80.79951355201162,
            64.20647889412244,
            15.0,
            54.788032887991065,
            27.932271052454002,
            36.889291924884596
        ],
        [
            53.67898844494368,
            28.405666029881832,
            23.48676214197608,
            84.93968208867523,
            87.93102947942941,
            61.79595564082567,
            79.18935994599467,
            54.788032887991065,
            15.0,
            53.873347195658354,
            90.18761900238778
        ],
        [
            29.005125187339065,
            25.486760465087496,
            44.563577626200704,
            57.977053451284405,
            84.20921651511982,
            56.28891217032605,
            36.979382244814104,
            27.932271052454002,
            53.873347195658354,
            15.0,
            58.34428303086639
        ],
        [
            87.3470990680181,
            70.69472587479332,
            67.96522217658244,
            113.41793514970736,
            142.52159640436673,
            114.52854440674611,
            87.81660864731722,
            36.889291924884596,
            90.18761900238778,
            58.34428303086639,
            15.0
        ]
    ]
}