{
    "commutingTime": [
        [
            15.0,
            24.228620258710503,
            26.49440543027879,
            20.336658873185268,
            27.11763542739335,
            53.904027139395566,
            84.77117352808786,
            33.5228689024066,
            45.40287829330983,
            41.55273305284097,
            118.09086916337293
        ],
        [
            24.228620258710503,
            15.0,
            23.883324493511314,
            44.408633709003226,
            39.87234489105993,
            31.615245453228365,
            65.25181534485935,
            38.34497189663656,
            31.049555131002936,
            65.40850033634146,
            101.94534540808402
        ],
        [
            26.49440543027879,
            23.883324493511314,
            15.0,
            43.12542228146235,
            20.85963099589354,
            37.09029608951887,
            61.731876651896485,
            55.98556235101868,
            21.209841047385726,
            56.84420478929147,
            92.37746676061798
        ],
        [
            20.336658873185268,
            44.408633709003226,
            43.12542228146235,
            15.0,
            33.29625758469953,
            74.10722092418003,
            103.95968769337571,
            38.86340271122945,
            63.78016271884896,
            24.011521221538086,
            135.42636932848217
        ],
        [
            27.11763542739335,
            39.87234489105993,
            20.85963099589354,
            33.29625758469953,
            15.0,
            57.923499359262614,
            79.95943269135893,
            60.61670288602156,
            40.366144373822486,
            39.12963257004124,
            106.27476367250128
        ],
        [
            53.904027139395566,
            31.615245453228365,
            37.09029608951887,
            74.10722092418003,
            57.923499359262614,
            15.0,
            34.87943791367339,
            67.7115021234288,
            21.23674921034875,
            92.25774319508825,
            73.74774267257972
        ],
        [
            84.77117352808786,
            65.25181534485935,
            61.731876651896485,
            103.95968769337571,
            79.95943269135893,
            34.87943791367339,
            15.0,
            102.45867258837828,
            40.52503345638345,
            118.30824585629728,
            39.81865449718401
        ],
        [
            33.5228689024066,
            38.34497189663656,
            55.98556235101868,
            38.86340271122945,
            60.61670288602156,
            67.7115021234288,
            102.45867258837828,
            15.0,
            69.11562160400032,
            62.10011843022185,
            140.09811501473533
        ],
        [
            45.40287829330983,
            31.049555131002936,
            21.209841047385726,
            63.78016271884896,
            40.366144373822486,
            21.23674921034875,
            40.52503345638345,
            69.11562160400032,
            15.0,
            77.94113340916927,
            72.83522210256484
        ],
        [
            41.55273305284097,
            65.40850033634146,
            56.84420478929147,
            24.011521221538086,
            39.12963257004124,
            92.25774319508825,
            118.30824585629728,
            62.10011843022185,
            77.94113340916927,
            15.0,
            145.30918737131626
        ],
        [
            118.09086916337293,
            101.94534540808402,
            92.37746676061798,
            135.42636932848217,
            106.27476367250128,
            73.74774267257972,
            39.81865449718401,
            140.09811501473533,
            72.83522210256484,
            145.30918737131626,
            15.0
        ]
    ]
}