{
    "commutingTime": [
        [
            15.0,
            38.27136578573412,
            65.51576080999511,
            62.825243817567916,
            87.40353965656162,
            38.75078672937775,
            86.96642567505668,
            88.19038968033226,
            22.99757434695172,
            78.62623475137895,
            31.1128446895976
        ],
        [
            38.27136578573412,
            15.0,
            29.181231756489623,
            30.26067777700611,
            54.387660368268705,
            76.65950078152017,
            49.07333399224479,
            56.18133341961345,
            59.852053853964065,
            55.830754866176896,
            42.64322674994676
        ],
        [
            65.51576080999511,
            29.181231756489623,
            15.0,
            36.28886518242591,
            26.465234535865942,
            104.263810594391,
            22.832858446758145,
            54.005992421134536,
            84.9240514016189,
            38.47946793140573,
            58.428373384450985
        ],
        [
            62.825243817567916,
            30.26067777700611,
            36.28886518242591,
            15.0,
            60.76639787709002,
            97.88829739108061,
            41.934282684526266,
            26.137039189197015,
            85.7654584631889,
            74.05874080141781,
            72.88543935973158
        ],
        [
            87.40353965656162,
            54.387660368268705,
            26.465234535865942,
            60.76639787709002,
            15.0,
            125.5523155078645,
            26.113924901867566,
            72.68314941573144,
            104.00734064003274,
            27.262799191839818,
            72.40848425568842
        ],
        [
            38.75078672937775,
            76.65950078152017,
            104.263810594391,
            97.88829739108061,
            125.5523155078645,
            15.0,
            125.61178589273813,
            121.4701077566459,
            24.50016789990168,
            113.83361212373671,
            59.40877109140195
        ],
        [
            86.96642567505668,
            49.07333399224479,
            22.832858446758145,
            41.934282684526266,
            26.113924901867566,
            125.61178589273813,
            15.0,
            47.81978570397445,
            107.2413737625053,
            50.61085131707032,
            81.19559545211132
        ],
        [
            88.19038968033226,
            56.18133341961345,
            54.005992421134536,
            26.137039189197015,
            72.68314941573144,
            121.4701077566459,
            47.81978570397445,
            15.0,
            111.18792097591731,
            92.19201412607211,
            98.80907504366776
        ],
        [
            22.99757434695172,
            59.852053853964065,
            84.9240514016189,
            85.7654584631889,
            104.00734064003274,
            24.50016789990168,
            107.2413737625053,
            111.18792097591731,
            15.0,
            90.23344850929264,
            35.136465013010884
        ],
        [
            78.62623475137895,
            55.830754866176896,
            38.47946793140573,
            74.05874080141781,
            27.262799191839818,
            113.83361212373671,
            50.61085131707032,
            92.19201412607211,
            90.23344850929264,
            15.0,
            55.56933399625285
        ],
        [
            31.1128446895976,
            42.64322674994676,
            58.428373384450985,
            72.88543935973158,
            72.40848425568842,
            59.40877109140195,
            81.19559545211132,
            98.80907504366776,
            35.136465013010884,
            55.56933399625285,
            15.0
        ]
    ]
}