{
    "commutingTime": [
        [
            15.0,
            21.317615698505932,
            22.823093294695568,
            44.680857667055236,
            40.467425150211206,
            50.667558970660295,
            22.65726649246542,
            87.52732403360575,
            75.06822336883963,
            46.165887719047696,
            69.00446780295115
        ],
        [
            21.317615698505932,
            15.0,
            39.44620911266874,
            65.98856524363796,
            35.29478709609579,
            57.253958996039955,
            41.53094653846926,
            94.91857985386109,
            95.98318227079072,
            63.08940608899922,
            81.9355854074043
        ],
        [
            22.823093294695568,
            39.44620911266874,
            15.0,
            35.219577475227624,
            37.51733677030336,
            32.887138096557834,
            32.651180505183376,
            67.06816148335955,
            59.662199963651126,
            23.830763224143407,
            46.370424375795466
        ],
        [
            44.680857667055236,
            65.98856524363796,
            35.219577475227624,
            15.0,
            72.73172217563956,
            62.12926672726383,
            31.15631255346921,
            86.62244039910452,
            32.18526200384722,
            33.14981695429165,
            58.523944372937535
        ],
        [
            40.467425150211206,
            35.29478709609579,
            37.51733677030336,
            72.73172217563956,
            15.0,
            29.921375394779865,
            62.036410352700734,
            64.32565579175044,
            94.99082724787719,
            52.627740709705726,
            60.035740144210294
        ],
        [
            50.667558970660295,
            57.253958996039955,
            32.887138096557834,
            62.12926672726383,
            29.921375394779865,
            15.0,
            65.44564831992648,
            37.75747005451483,
            75.29804378751228,
            32.04683337955651,
            30.49356469358497
        ],
        [
            22.65726649246542,
            41.53094653846926,
            32.651180505183376,
            31.15631255346921,
            62.036410352700734,
            65.44564831992648,
            15.0,
            99.10437723031202,
            63.319510475944476,
            48.99133549371848,
            75.49645997941394
        ],
        [
            87.52732403360575,
            94.91857985386109,
            67.06816148335955,
            86.62244039910452,
            64.32565579175044,
            37.75747005451483,
            99.10437723031202,
            15.0,
            86.22182201524681,
            53.697358947153546,
            29.233152864027243
        ],
        [
            75.06822336883963,
            95.98318227079072,
            59.662199963651126,
            32.18526200384722,
            94.99082724787719,
            75.29804378751228,
            63.319510475944476,
            86.22182201524681,
            15.0,
            43.64626613905822,
            57.45844804026187
        ],
        [
            46.165887719047696,
            63.08940608899922,
            23.830763224143407,
            33.14981695429165,
            52.627740709705726,
            32.04683337955651,
            48.99133549371848,
            53.697358947153546,
            43.64626613905822,
            15.0,
            26.926868904864737
        ],
        [
            69.00446780295115,
            81.9355854074043,
            46.370424375795466,
            58.523944372937535,
            60.035740144210294,
            30.49356469358497,
            75.49645997941394,
            29.233152864027243,
            57.45844804026187,
            26.926868904864737,
            15.0
        ]
    ]
}