{
    "commutingTime": [
        [
            15.0,
            39.965745495200146,
            39.004347342135944,
            68.99813215907201,
            79.06892156130037,
            27.791361960757857,
            65.86759064846883,
            72.04828573453457,
            36.618719133091695,
            53.15069776887404,
            81.82176078551234
        ],
        [
            39.965745495200146,
            15.0,
            32.93080384802611,
            68.41258673911429,
            87.51842310425349,
            51.49060969609428,
            43.734827207524454,
            37.827468606164835,
            44.11183404027377,
            28.742167921211156,
            50.16119834350096
        ],
        [
            39.004347342135944,
            32.93080384802611,
            15.0,
            36.44359966551223,
            54.59177068013246,
            29.04096657326501,
            28.04169790175138,
            41.692001531063994,
            65.32192463896912,
            61.068905982776315,
            82.50605397993603
        ],
        [
            68.99813215907201,
            68.41258673911429,
            36.44359966551223,
            15.0,
            22.88231565170238,
            45.35599783219509,
            37.430196786232486,
            60.52373048028174,
            100.54439668792064,
            97.04248797991747,
            116.0502141023035
        ],
        [
            79.06892156130037,
            87.51842310425349,
            54.59177068013246,
            22.88231565170238,
            15.0,
            51.802964701739484,
            60.295233503334885,
            83.34460043388894,
            113.92671617956215,
            115.48411136213824,
            136.64055976324983
        ],
        [
            27.791361960757857,
            51.49060969609428,
            29.04096657326501,
            45.35599783219509,
            51.802964701739484,
            15.0,
            55.88415517703133,
            70.5565177242716,
            64.03245365552266,
            73.99122773914438,
            100.46183194366144
        ],
        [
            65.86759064846883,
            43.734827207524454,
            28.04169790175138,
            37.430196786232486,
            60.295233503334885,
            55.88415517703133,
            15.0,
            23.159524008792314,
            85.77427139303661,
            70.98945961166875,
            83.79115019390339
        ],
        [
            72.04828573453457,
            37.827468606164835,
            41.692001531063994,
            60.52373048028174,
            83.34460043388894,
            70.5565177242716,
            23.159524008792314,
            15.0,
            81.78663082029412,
            59.00250156347107,
            65.02778356295707
        ],
        [
            36.618719133091695,
            44.11183404027377,
            65.32192463896912,
            100.54439668792064,
            113.92671617956215,
            64.03245365552266,
            85.77427139303661,
            81.78663082029412,
            15.0,
            33.151025638940254,
            59.97500298082044
        ],
        [
            53.15069776887404,
            28.742167921211156,
            61.068905982776315,
            97.04248797991747,
            115.48411136213824,
            73.99122773914438,
            70.98945961166875,
            59.00250156347107,
            33.151025638940254,
            15.0,
            29.074618628174075
        ],
        [
            81.82176078551234,
            50.16119834350096,
            82.50605397993603,
            116.0502141023035,
            136.64055976324983,
            100.46183194366144,
            83.79115019390339,
            65.02778356295707,
            59.97500298082044,
            29.074618628174075,
            15.0
        ]
    ]
}