{
    "commutingTime": [
        [
            15.0,
            27.967863920283662,
            23.978797150775915,
            52.294492548698244,
            27.746583408128807,
            25.22802982018884,
            52.66429648293938,
            87.52799868395363,
            66.70074222601605,
            97.39399907628518,
            34.83910742995013
        ],
        [
            27.967863920283662,
            15.0,
            39.60478852355596,
            31.977962092900594,
            55.405895031916536,
            45.823179111803945,
            70.34920020779919,
            101.33322636788867,
            56.43627908252123,
            84.12746985367657,
            25.558778336320152
        ],
        [
            23.978797150775915,
            39.60478852355596,
            15.0,
            48.50781771753621,
            37.609593671423944,
            46.538100640336225,
            73.19680722683377,
            108.79327737131374,
            51.56530065412614,
            82.17568745577225,
            56.266625877969076
        ],
        [
            52.294492548698244,
            31.977962092900594,
            48.50781771753621,
            15.0,
            79.00241524022547,
            75.26131296167681,
            101.31533025737943,
            133.2032159051555,
            29.56500191541387,
            53.10757965880683,
            56.45435702168619
        ],
        [
            27.746583408128807,
            55.405895031916536,
            37.609593671423944,
            79.00241524022547,
            15.0,
            22.11867381100533,
            40.66237054969392,
            75.61915493146711,
            88.60560533042754,
            119.44214793853655,
            54.712023364815906
        ],
        [
            25.22802982018884,
            45.823179111803945,
            46.538100640336225,
            75.26131296167681,
            22.11867381100533,
            15.0,
            27.43921480300436,
            62.56156555908916,
            91.87482376180651,
            122.47310987102603,
            36.31848996459517
        ],
        [
            52.66429648293938,
            70.34920020779919,
            73.19680722683377,
            101.31533025737943,
            40.66237054969392,
            27.43921480300436,
            15.0,
            35.66329815616764,
            119.25158118589255,
            149.75616103418534,
            53.2906786139028
        ],
        [
            87.52799868395363,
            101.33322636788867,
            108.79327737131374,
            133.2032159051555,
            75.61915493146711,
            62.56156555908916,
            35.66329815616764,
            15.0,
            153.48376129388518,
            183.55531896221575,
            79.62315194798114
        ],
        [
            66.70074222601605,
            56.43627908252123,
            51.56530065412614,
            29.56500191541387,
            88.60560533042754,
            91.87482376180651,
            119.25158118589255,
            153.48376129388518,
            15.0,
            30.908414389809252,
            81.99500273676689
        ],
        [
            97.39399907628518,
            84.12746985367657,
            82.17568745577225,
            53.10757965880683,
            119.44214793853655,
            122.47310987102603,
            149.75616103418534,
            183.55531896221575,
            30.908414389809252,
            15.0,
            109.30601832923459
        ],
        [
            34.83910742995013,
            25.558778336320152,
            56.266625877969076,
            56.45435702168619,
            54.712023364815906,
            36.31848996459517,
            53.2906786139028,
            79.62315194798114,
            81.99500273676689,
            109.30601832923459,
            15.0
        ]
    ]
}