{
    "commutingTime": [
        [
            15.0,
            23.575526634679587,
            42.57712904471782,
            36.04783570010616,
            75.64703788881432,
            44.3850215271514,
            23.120053988469273,
            82.47113117328044,
            67.26497502822996,
            113.34962183498318,
            95.52300826226723
        ],
        [
            23.575526634679587,
            15.0,
            28.763924393381927,
            56.70139047028246,
            55.77429957385967,
            25.684014355113945,
            36.39544153548119,
            59.344476241131474,
            89.99405641484428,
            89.80538762792226,
            74.4355907299623
        ],
        [
            42.57712904471782,
            28.763924393381927,
            15.0,
            61.78605008085357,
            35.29566410166993,
            47.870201257553056,
            62.484025269676245,
            50.550673496376945,
            96.93382235700967,
            86.84490629572451,
            56.074062996352204
        ],
        [
            36.04783570010616,
            56.70139047028246,
            61.78605008085357,
            15.0,
            96.91355860529848,
            80.13272185030574,
            50.24023094119565,
            110.47818530580156,
            35.19327268747532,
            144.5797227346201,
            117.73039089191998
        ],
        [
            75.64703788881432,
            55.77429957385967,
            35.29566410166993,
            96.91355860529848,
            15.0,
            61.41894575762654,
            92.16956036228324,
            25.498387693485903,
            131.9558070356552,
            60.98291420263928,
            20.81684609872265
        ],
        [
            44.3850215271514,
            25.684014355113945,
            47.870201257553056,
            80.13272185030574,
            61.41894575762654,
            15.0,
            44.61688686635043,
            53.64743790115712,
            111.31748637861625,
            75.1425434877528,
            75.21133011235614
        ],
        [
            23.120053988469273,
            36.39544153548119,
            62.484025269676245,
            50.24023094119565,
            92.16956036228324,
            44.61688686635043,
            15.0,
            93.58228553866289,
            73.17926596909719,
            119.47069669631645,
            110.59420544915163
        ],
        [
            82.47113117328044,
            59.344476241131474,
            50.550673496376945,
            110.47818530580156,
            25.498387693485903,
            53.64743790115712,
            93.58228553866289,
            15.0,
            145.53576019632564,
            37.00243691773302,
            24.90196372961514
        ],
        [
            67.26497502822996,
            89.99405641484428,
            96.93382235700967,
            35.19327268747532,
            131.9558070356552,
            111.31748637861625,
            73.17926596909719,
            145.53576019632564,
            15.0,
            179.122851676935,
            152.764524120365
        ],
        [
            113.34962183498318,
            89.80538762792226,
            86.84490629572451,
            144.5797227346201,
            60.98291420263928,
            75.1425434877528,
            119.47069669631645,
            37.00243691773302,
            179.122851676935,
            15.0,
            49.80908540653064
        ],
        [
            95.52300826226723,
            74.4355907299623,
            56.074062996352204,
            117.73039089191998,
            20.81684609872265,
            75.21133011235614,
            110.59420544915163,
            24.90196372961514,
            152.764524120365,
            49.80908540653064,
            15.0
        ]
    ]
}