{
    "commutingTime": [
        [
            15.0,
            30.00759098562792,
            30.115281025827326,
            20.110314261170767,
            43.543665080478476,
            49.729530278427774,
            60.65426084623101,
            25.739116848221194,
            65.26820424856135,
            30.901859700869167,
            77.62633761807584
        ],
        [
            30.00759098562792,
            15.0,
            59.70943520851022,
            39.64355244964198,
            48.359998295917,
            33.77354505463097,
            30.745280832026587,
            24.636480370882737,
            40.068345582670155,
            31.853544844701325,
            57.03572059101885
        ],
        [
            30.115281025827326,
            59.70943520851022,
            15.0,
            27.862361232117767,
            51.4725289678401,
            71.39480314358838,
            89.9115480322723,
            47.11053238342508,
            90.84524331553462,
            55.39178275805807,
            99.2441993942025
        ],
        [
            20.110314261170767,
            39.64355244964198,
            27.862361232117767,
            15.0,
            26.2039765016625,
            43.746716683202294,
            66.96603522460887,
            20.382691994888287,
            64.1536597850947,
            50.63912847823229,
            71.42390598942468
        ],
        [
            43.543665080478476,
            48.359998295917,
            51.4725289678401,
            26.2039765016625,
            15.0,
            31.180244269000756,
            65.96468887049174,
            24.125524790512305,
            53.87145135216589,
            70.70292031632385,
            53.79817737817227
        ],
        [
            49.729530278427774,
            33.77354505463097,
            71.39480314358838,
            43.746716683202294,
            31.180244269000756,
            15.0,
            37.623069813220006,
            24.81852668341474,
            22.726952738446904,
            64.83349194894379,
            28.170414341004022
        ],
        [
            60.65426084623101,
            30.745280832026587,
            89.9115480322723,
            66.96603522460887,
            65.96468887049174,
            37.623069813220006,
            15.0,
            47.653990384917165,
            23.9497017385721,
            55.945920459348436,
            44.25532978175119
        ],
        [
            25.739116848221194,
            24.636480370882737,
            47.11053238342508,
            20.382691994888287,
            24.125524790512305,
            24.81852668341474,
            47.653990384917165,
            15.0,
            43.897572233979886,
            47.80057435320287,
            52.98826756625253
        ],
        [
            65.26820424856135,
            40.068345582670155,
            90.84524331553462,
            64.1536597850947,
            53.87145135216589,
            22.726952738446904,
            23.9497017385721,
            43.897572233979886,
            15.0,
            71.17067450160019,
            20.43253423817653
        ],
        [
            30.901859700869167,
            31.853544844701325,
            55.39178275805807,
            50.63912847823229,
            70.70292031632385,
            64.83349194894379,
            55.945920459348436,
            47.80057435320287,
            71.17067450160019,
            15.0,
            88.86106106261572
        ],
        [
            77.62633761807584,
            57.03572059101885,
            99.2441993942025,
            71.42390598942468,
            53.79817737817227,
            28.170414341004022,
            44.25532978175119,
            52.98826756625253,
            20.43253423817653,
            88.86106106261572,
            15.0
        ]
    ]
}