{
    "commutingTime": [
        [
            15.0,
            25.84301093174557,
            38.53760431236703,
            38.95864171597923,
            71.3406993464126,
            67.96045678777423,
            20.37434918028745,
            29.29410780180944,
            39.35104110650458,
            72.3295568872621,
            35.39100429378263
        ],
        [
            25.84301093174557,
            15.0,
            43.58088843549152,
            20.123493094233147,
            58.85967301974577,
            42.779834531758944,
            45.220603734294976,
            53.63901565769142,
            65.17574369140587,
            70.19740468880354,
            26.992008719961483
        ],
        [
            38.53760431236703,
            43.58088843549152,
            15.0,
            35.695716303861424,
            43.2199782070542,
            67.24076539997871,
            52.12314195425963,
            39.86563708328401,
            59.709514622734446,
            34.536852820766846,
            67.55554630613686
        ],
        [
            38.95864171597923,
            20.123493094233147,
            35.695716303861424,
            15.0,
            38.96277414493554,
            32.98518372218204,
            59.30327934483569,
            60.796547043178336,
            76.44518829172748,
            53.97323602683713,
            46.45581514634236
        ],
        [
            71.3406993464126,
            58.85967301974577,
            43.2199782070542,
            38.96277414493554,
            15.0,
            49.20899661177179,
            89.90175907064263,
            82.39986894652327,
            101.67717405023745,
            29.130802791705765,
            85.41765330202334
        ],
        [
            67.96045678777423,
            42.779834531758944,
            67.24076539997871,
            32.98518372218204,
            49.20899661177179,
            15.0,
            87.88463607816327,
            93.0203151385623,
            107.09864622487844,
            75.12501148820637,
            58.63036484857637
        ],
        [
            20.37434918028745,
            45.220603734294976,
            52.12314195425963,
            59.30327934483569,
            89.90175907064263,
            87.88463607816327,
            15.0,
            22.791615845016203,
            21.65664278361596,
            86.62950737880568,
            45.61491647329544
        ],
        [
            29.29410780180944,
            53.63901565769142,
            39.86563708328401,
            60.796547043178336,
            82.39986894652327,
            93.0203151385623,
            22.791615845016203,
            15.0,
            20.052035805766664,
            72.2908175234597,
            63.4517286490183
        ],
        [
            39.35104110650458,
            65.17574369140587,
            59.709514622734446,
            76.44518829172748,
            101.67717405023745,
            107.09864622487844,
            21.65664278361596,
            20.052035805766664,
            15.0,
            92.32679298324936,
            67.1664600231529
        ],
        [
            72.3295568872621,
            70.19740468880354,
            34.536852820766846,
            53.97323602683713,
            29.130802791705765,
            75.12501148820637,
            86.62950737880568,
            72.2908175234597,
            92.32679298324936,
            15.0,
            96.78502095219304
        ],
        [
            35.39100429378263,
            26.992008719961483,
            67.55554630613686,
            46.45581514634236,
            85.41765330202334,
            58.63036484857637,
            45.61491647329544,
            63.4517286490183,
            67.1664600231529,
            96.78502095219304,
            15.0
        ]
    ]
}