{
    "commutingTime": [
        [
            15.0,
            35.401607892449924,
            30.900263984158293,
            26.28427065130599,
            34.1975419734293,
            58.9561232636035,
            71.96996967271183,
            63.381717663972104,
            106.20789209547608,
            38.206529388451116,
            57.25047269941383
        ],
        [
            35.401607892449924,
            15.0,
            64.45264203519818,
            60.450992127422644,
            34.72054147004821,
            94.20977338229761,
            36.753938467533104,
            96.40190899339275,
            71.13842616284418,
            21.06685760097433,
            63.054573056064946
        ],
        [
            30.900263984158293,
            64.45264203519818,
            15.0,
            24.711556786154706,
            47.27021829561146,
            31.926263568276926,
            99.65805247370673,
            51.401697168867955,
            133.04621764825941,
            69.01959004125742,
            55.33319325533285
        ],
        [
            26.28427065130599,
            60.450992127422644,
            24.711556786154706,
            15.0,
            57.47771160505411,
            38.45435508441962,
            97.1954352480502,
            37.162347112549746,
            131.58906973100403,
            57.16358385292195,
            74.31581142926757
        ],
        [
            34.1975419734293,
            34.72054147004821,
            47.27021829561146,
            57.47771160505411,
            15.0,
            79.09818498119789,
            59.7530275517887,
            93.81426991853355,
            90.10345648473835,
            52.5064939383369,
            28.715104115579003
        ],
        [
            58.9561232636035,
            94.20977338229761,
            31.926263568276926,
            38.45435508441962,
            79.09818498119789,
            15.0,
            130.3490677290953,
            34.93942850146272,
            164.18237153502486,
            94.72269182149863,
            83.06450011905544
        ],
        [
            71.96996967271183,
            36.753938467533104,
            99.65805247370673,
            97.1954352480502,
            59.7530275517887,
            130.3490677290953,
            15.0,
            132.84794604473558,
            34.40675690502505,
            47.50977077489856,
            82.07219211109387
        ],
        [
            63.381717663972104,
            96.40190899339275,
            51.401697168867955,
            37.162347112549746,
            93.81426991853355,
            34.93942850146272,
            132.84794604473558,
            15.0,
            167.20524302891488,
            89.16489823275751,
            106.63836069211303
        ],
        [
            106.20789209547608,
            71.13842616284418,
            133.04621764825941,
            131.58906973100403,
            90.10345648473835,
            164.18237153502486,
            34.40675690502505,
            167.20524302891488,
            15.0,
            80.42805232769464,
            107.5001439907232
        ],
        [
            38.206529388451116,
            21.06685760097433,
            69.01959004125742,
            57.16358385292195,
            52.5064939383369,
            94.72269182149863,
            47.50977077489856,
            89.16489823275751,
            80.42805232769464,
            15.0,
            81.20290342350522
        ],
        [
            57.25047269941383,
            63.054573056064946,
            55.33319325533285,
            74.31581142926757,
            28.715104115579003,
            83.06450011905544,
            82.07219211109387,
            106.63836069211303,
            107.5001439907232,
            81.20290342350522,
            15.0
        ]
    ]
}