{
    "commutingTime": [
        [
            15.0,
            30.702461516434774,
            31.346508383241268,
            56.954496206956264,
            47.92588881393716,
            39.30412202739463,
            56.669491876184665,
            28.33664121491779,
            48.66837685836017,
            26.802312576406607,
            52.85821153883554
        ],
        [
            30.702461516434774,
            15.0,
            38.568401406908855,
            26.535061285823698,
            22.653118839730027,
            64.7312384213733,
            48.23644311730817,
            36.22013453642542,
            63.09329745440746,
            57.50462005222029,
            64.52791133330844
        ],
        [
            31.346508383241268,
            38.568401406908855,
            15.0,
            61.14691386204308,
            39.306012940606195,
            67.99514124816807,
            28.731143210508645,
            57.96751554064785,
            24.717583115670365,
            45.72389587342918,
            84.11138854365237
        ],
        [
            56.954496206956264,
            26.535061285823698,
            61.14691386204308,
            15.0,
            26.354137784503628,
            87.41113265738399,
            59.89328681973897,
            54.37865808587755,
            85.72026790840852,
            83.67090300784922,
            79.22008787823246
        ],
        [
            47.92588881393716,
            22.653118839730027,
            39.306012940606195,
            26.354137784503628,
            15.0,
            85.49382257251695,
            33.54790096603299,
            58.84668278224815,
            62.62674148812565,
            73.48301212860396,
            87.17529583886186
        ],
        [
            39.30412202739463,
            64.7312384213733,
            67.99514124816807,
            87.41113265738399,
            85.49382257251695,
            15.0,
            95.3591511490421,
            34.79423069025449,
            77.14411826751946,
            27.746705410055192,
            32.15263480401445
        ],
        [
            56.669491876184665,
            48.23644311730817,
            28.731143210508645,
            59.89328681973897,
            33.54790096603299,
            95.3591511490421,
            15.0,
            78.9996882414418,
            40.66951404892851,
            74.41079300357315,
            107.11468770619537
        ],
        [
            28.33664121491779,
            36.22013453642542,
            57.96751554064785,
            54.37865808587755,
            58.84668278224815,
            34.79423069025449,
            78.9996882414418,
            15.0,
            76.99898188792953,
            43.509926548549814,
            28.624805570487016
        ],
        [
            48.66837685836017,
            63.09329745440746,
            24.717583115670365,
            85.72026790840852,
            62.62674148812565,
            77.14411826751946,
            40.66951404892851,
            76.99898188792953,
            15.0,
            50.142942205394824,
            99.90760192716347
        ],
        [
            26.802312576406607,
            57.50462005222029,
            45.72389587342918,
            83.67090300784922,
            73.48301212860396,
            27.746705410055192,
            74.41079300357315,
            43.509926548549814,
            50.142942205394824,
            15.0,
            55.91400707096941
        ],
        [
            52.85821153883554,
            64.52791133330844,
            84.11138854365237,
            79.22008787823246,
            87.17529583886186,
            32.15263480401445,
            107.11468770619537,
            28.624805570487016,
            99.90760192716347,
            55.91400707096941,
            15.0
        ]
    ]
}