{
    "commutingTime": [
        [
            15.0,
            22.016166636547684,
            31.893658028432803,
            44.50803084651068,
            28.204801724144744,
            36.79432475816659,
            54.800879667056314,
            62.72382076805955,
            43.30474796833799,
            32.18490477873439,
            79.39619725061014
        ],
        [
            22.016166636547684,
            15.0,
            39.5039623776247,
            23.251276625289123,
            21.78775677612043,
            51.52487985580304,
            37.542574211786544,
            65.61292194174374,
            37.99144163724751,
            51.977887721423265,
            59.83560777682604
        ],
        [
            31.893658028432803,
            39.5039623776247,
            15.0,
            50.8224448637598,
            56.82957704504639,
            65.93352067487842,
            76.94440510601078,
            94.61747606480189,
            22.97623360841101,
            29.121908936196476,
            97.59939515300222
        ],
        [
            44.50803084651068,
            23.251276625289123,
            50.8224448637598,
            15.0,
            39.180409166679325,
            74.0679236985386,
            36.35129329347976,
            82.06523177559873,
            37.44834582887178,
            71.17230439106957,
            49.4007019000505
        ],
        [
            28.204801724144744,
            21.78775677612043,
            56.82957704504639,
            39.180409166679325,
            15.0,
            38.24920126690064,
            29.602327856791927,
            44.095058968675716,
            59.49352968851684,
            59.803352684331166,
            55.48894615372768
        ],
        [
            36.79432475816659,
            51.52487985580304,
            65.93352067487842,
            74.0679236985386,
            38.24920126690064,
            15.0,
            65.85799905125195,
            37.42096321038323,
            80.09206633054205,
            50.256779949588186,
            91.39784572445855
        ],
        [
            54.800879667056314,
            37.542574211786544,
            76.94440510601078,
            36.35129329347976,
            29.602327856791927,
            65.85799905125195,
            15.0,
            56.59953574964523,
            70.90522262069766,
            86.95774157266712,
            25.923982796603934
        ],
        [
            62.72382076805955,
            65.61292194174374,
            94.61747606480189,
            82.06523177559873,
            44.095058968675716,
            37.42096321038323,
            56.59953574964523,
            15.0,
            102.28077411027888,
            85.6637572332131,
            76.85536356675141
        ],
        [
            43.30474796833799,
            37.99144163724751,
            22.97623360841101,
            37.44834582887178,
            59.49352968851684,
            80.09206633054205,
            70.90522262069766,
            102.28077411027888,
            15.0,
            51.74210476912959,
            86.84122540953612
        ],
        [
            32.18490477873439,
            51.977887721423265,
            29.121908936196476,
            71.17230439106957,
            59.803352684331166,
            50.256779949588186,
            86.95774157266712,
            85.6637572332131,
            51.74210476912959,
            15.0,
            111.22320423558953
        ],
        [
            79.39619725061014,
            59.83560777682604,
            97.59939515300222,
            49.4007019000505,
            55.48894615372768,
            91.39784572445855,
            25.923982796603934,
            76.85536356675141,
            86.84122540953612,
            111.22320423558953,
            15.0
        ]
    ]
}