{
    "commutingTime": [
        [
            15.0,
            21.052299553641248,
            22.83551872345904,
            48.9772780604052,
            74.83832503151179,
            26.42572460392598,
            108.21871400347592,
            41.85663650277416,
            89.9569809140735,
            51.27243887440286,
            39.221026102784734
        ],
        [
            21.052299553641248,
            15.0,
            43.86297841085288,
            68.43705501413788,
            95.18445502210207,
            31.681704580388097,
            127.01622357868213,
            23.143878210163916,
            106.2707539053744,
            72.32280241566336,
            38.68637579444617
        ],
        [
            22.83551872345904,
            43.86297841085288,
            15.0,
            31.541055738871997,
            54.08011914919919,
            35.892960399310034,
            89.93894737540059,
            64.1308453863006,
            76.27826574968243,
            28.57985943739626,
            51.958770587643706
        ],
        [
            48.9772780604052,
            68.43705501413788,
            31.541055738871997,
            15.0,
            27.896059281961485,
            67.37238003064942,
            59.32193580283554,
            83.53370432010985,
            45.204412413654346,
            22.505656195092033,
            57.37658823750214
        ],
        [
            74.83832503151179,
            95.18445502210207,
            54.08011914919919,
            27.896059281961485,
            15.0,
            88.90544218180565,
            38.58253728701115,
            111.3065596869922,
            40.4578254315006,
            29.14005288811772,
            84.64196255561062
        ],
        [
            26.42572460392598,
            31.681704580388097,
            35.892960399310034,
            67.37238003064942,
            88.90544218180565,
            15.0,
            125.67551835271078,
            54.14010159865662,
            111.59230533219278,
            60.877153633910865,
            64.24574977276299
        ],
        [
            108.21871400347592,
            127.01622357868213,
            89.93894737540059,
            59.32193580283554,
            38.58253728701115,
            125.67551835271078,
            15.0,
            139.37724471784892,
            30.32841628314983,
            67.56046686115775,
            107.10125309538039
        ],
        [
            41.85663650277416,
            23.143878210163916,
            64.1308453863006,
            83.53370432010985,
            111.3065596869922,
            54.14010159865662,
            139.37724471784892,
            15.0,
            115.19841256122496,
            91.64507486068356,
            36.41633635299286
        ],
        [
            89.9569809140735,
            106.2707539053744,
            76.27826574968243,
            45.204412413654346,
            40.4578254315006,
            111.59230533219278,
            30.32841628314983,
            115.19841256122496,
            15.0,
            62.47454601747514,
            80.72092615294049
        ],
        [
            51.27243887440286,
            72.32280241566336,
            28.57985943739626,
            22.505656195092033,
            29.14005288811772,
            60.877153633910865,
            67.56046686115775,
            91.64507486068356,
            62.47454601747514,
            15.0,
            72.70435078208737
        ],
        [
            39.221026102784734,
            38.68637579444617,
            51.958770587643706,
            57.37658823750214,
            84.64196255561062,
            64.24574977276299,
            107.10125309538039,
            36.41633635299286,
            80.72092615294049,
            72.70435078208737,
            15.0
        ]
    ]
}