{
    "commutingTime": [
        [
            15.0,
            29.317996962854956,
            27.74157791380387,
            27.90436113036111,
            35.872287875329015,
            30.27208899650972,
            55.63745347517239,
            38.403888714740475,
            87.94221731587187,
            53.654407748568886,
            46.76256767684949
        ],
        [
            29.317996962854956,
            15.0,
            56.58651463758766,
            38.70516973015392,
            24.316435018489845,
            56.74163160623572,
            26.560870911668637,
            38.649594214714675,
            60.637735691621224,
            80.21693000730721,
            68.37702226959304
        ],
        [
            27.74157791380387,
            56.58651463758766,
            15.0,
            35.821020208405024,
            56.01373645279546,
            24.78423063878525,
            82.27270005352419,
            59.309204151396926,
            112.36788097872552,
            28.111262780994448,
            30.55562024987386
        ],
        [
            27.90436113036111,
            38.70516973015392,
            35.821020208405024,
            15.0,
            24.40541171322911,
            52.839893717460505,
            57.757402785514486,
            64.54483178344145,
            81.4674141060863,
            48.37538817874977,
            31.728574164655004
        ],
        [
            35.872287875329015,
            24.316435018489845,
            56.01373645279546,
            24.40541171322911,
            15.0,
            66.03053014309455,
            34.716537125812046,
            61.01183514609505,
            57.37493337976488,
            72.59035781123055,
            55.9476593690102
        ],
        [
            30.27208899650972,
            56.74163160623572,
            24.78423063878525,
            52.839893717460505,
            66.03053014309455,
            15.0,
            83.15107399930046,
            42.92063739609854,
            117.10394295731426,
            50.04510162792582,
            55.31711721024713
        ],
        [
            55.63745347517239,
            26.560870911668637,
            82.27270005352419,
            57.757402785514486,
            34.716537125812046,
            83.15107399930046,
            15.0,
            57.72136581374611,
            35.706681182511495,
            103.92063977265677,
            89.39744073458047
        ],
        [
            38.403888714740475,
            38.649594214714675,
            59.309204151396926,
            64.54483178344145,
            61.01183514609505,
            42.92063739609854,
            57.72136581374611,
            15.0,
            93.24492922596006,
            87.41768739790669,
            84.48909142338711
        ],
        [
            87.94221731587187,
            60.637735691621224,
            112.36788097872552,
            81.4674141060863,
            57.37493337976488,
            117.10394295731426,
            35.706681182511495,
            93.24492922596006,
            15.0,
            129.83733832483625,
            112.18018010877654
        ],
        [
            53.654407748568886,
            80.21693000730721,
            28.111262780994448,
            48.37538817874977,
            72.59035781123055,
            50.04510162792582,
            103.92063977265677,
            87.41768739790669,
            129.83733832483625,
            15.0,
            20.754024889770257
        ],
        [
            46.76256767684949,
            68.37702226959304,
            30.55562024987386,
            31.728574164655004,
            55.9476593690102,
            55.31711721024713,
            89.39744073458047,
            84.48909142338711,
            112.18018010877654,
            20.754024889770257,
            15.0
        ]
    ]
}