{
    "commutingTime": [
        [
            15.0,
            37.954280788878286,
            36.55812545418413,
            69.20338111490699,
            63.27653801322654,
            76.2408875962024,
            42.44537036813062,
            63.194737814685126,
            28.26287811603212,
            38.791722064685274,
            57.83578029340167
        ],
        [
            37.954280788878286,
            15.0,
            27.438680481853055,
            32.106890780128815,
            42.99632689782835,
            39.33178780824912,
            20.989745128849727,
            31.890243030124875,
            64.89336340061416,
            61.126820720353585,
            68.59914898811799
        ],
        [
            36.55812545418413,
            27.438680481853055,
            15.0,
            54.49501254868184,
            70.08942067512582,
            50.038887306328256,
            47.09949692519083,
            31.526471143310946,
            63.8564745342882,
            39.09232264625937,
            41.631272884261435
        ],
        [
            69.20338111490699,
            32.106890780128815,
            54.49501254868184,
            15.0,
            38.360163249964884,
            23.615343657515307,
            33.452731296599005,
            36.07713591859813,
            94.47155396203733,
            91.99735926615115,
            95.59610419081392
        ],
        [
            63.27653801322654,
            42.99632689782835,
            70.08942067512582,
            38.360163249964884,
            15.0,
            61.336589512950326,
            23.452278860945896,
            67.47363152926525,
            79.55690029557303,
            98.13920636941421,
            110.00644163429004
        ],
        [
            76.2408875962024,
            39.33178780824912,
            50.038887306328256,
            23.615343657515307,
            61.336589512950326,
            15.0,
            50.978934147214986,
            20.751993083484642,
            103.92397351272889,
            89.07195389640876,
            86.76796870443059
        ],
        [
            42.44537036813062,
            20.989745128849727,
            47.09949692519083,
            33.452731296599005,
            23.452278860945896,
            50.978934147214986,
            15.0,
            50.3323248267377,
            63.64679536022869,
            75.11568688487813,
            86.56568147507075
        ],
        [
            63.194737814685126,
            31.890243030124875,
            31.526471143310946,
            36.07713591859813,
            67.47363152926525,
            20.751993083484642,
            50.3323248267377,
            15.0,
            91.45743142655144,
            69.78121416640585,
            66.074639255315
        ],
        [
            28.26287811603212,
            64.89336340061416,
            63.8564745342882,
            94.47155396203733,
            79.55690029557303,
            103.92397351272889,
            63.64679536022869,
            91.45743142655144,
            15.0,
            50.93455102797582,
            74.06908891894494
        ],
        [
            38.791722064685274,
            61.126820720353585,
            39.09232264625937,
            91.99735926615115,
            98.13920636941421,
            89.07195389640876,
            75.11568688487813,
            69.78121416640585,
            50.93455102797582,
            15.0,
            23.45755946802455
        ],
        [
            57.83578029340167,
            68.59914898811799,
            41.631272884261435,
            95.59610419081392,
            110.00644163429004,
            86.76796870443059,
            86.56568147507075,
            66.074639255315,
            74.06908891894494,
            23.45755946802455,
            15.0
        ]
    ]
}