{
    "commutingTime": [
        [
            15.0,
            28.743447029833725,
            39.64268750616012,
            52.32054843494862,
            87.15071973798089,
            120.57085726101606,
            104.38945630976436,
            22.42464137334028,
            56.764769331172154,
            75.85437404353418,
            70.17997017304748
        ],
        [
            28.743447029833725,
            15.0,
            65.52083317635702,
            25.42914520591391,
            59.883575962899,
            92.15947221433676,
            79.68155965227682,
            32.73535957435793,
            75.92649133910439,
            90.72646993986666,
            42.43042246102212
        ],
        [
            39.64268750616012,
            65.52083317635702,
            15.0,
            84.22054042671269,
            117.08403230343788,
            152.59611598684393,
            128.793289672991,
            37.44677857775466,
            26.44748670102775,
            48.37812928294107,
            107.9512226725117
        ],
        [
            52.32054843494862,
            25.42914520591391,
            84.22054042671269,
            15.0,
            34.85260919918525,
            68.84158811787749,
            54.42721823360905,
            47.172554339583044,
            88.07967760348774,
            98.05701932248064,
            32.400385978817916
        ],
        [
            87.15071973798089,
            59.883575962899,
            117.08403230343788,
            34.85260919918525,
            15.0,
            36.04924005343274,
            25.43097621352968,
            79.63896911451222,
            116.78137768783712,
            122.38656336667893,
            40.07171498994044
        ],
        [
            120.57085726101606,
            92.15947221433676,
            152.59611598684393,
            68.84158811787749,
            36.04924005343274,
            15.0,
            40.075012369465064,
            115.18609382677938,
            152.81897607378096,
            157.84087072407985,
            59.06246142088234
        ],
        [
            104.38945630976436,
            79.68155965227682,
            128.793289672991,
            54.42721823360905,
            25.43097621352968,
            40.075012369465064,
            15.0,
            92.31149803931272,
            123.35645344290567,
            124.4964394693971,
            65.50056043251121
        ],
        [
            22.42464137334028,
            32.73535957435793,
            37.44677857775466,
            47.172554339583044,
            79.63896911451222,
            115.18609382677938,
            92.31149803931272,
            15.0,
            43.253963739372075,
            58.555674465230936,
            73.73049189085312
        ],
        [
            56.764769331172154,
            75.92649133910439,
            26.44748670102775,
            88.07967760348774,
            116.78137768783712,
            152.81897607378096,
            123.35645344290567,
            43.253963739372075,
            15.0,
            21.956957409627694,
            116.71333512145915
        ],
        [
            75.85437404353418,
            90.72646993986666,
            48.37812928294107,
            98.05701932248064,
            122.38656336667893,
            157.84087072407985,
            124.4964394693971,
            58.555674465230936,
            21.956957409627694,
            15.0,
            128.91927807815838
        ],
        [
            70.17997017304748,
            42.43042246102212,
            107.9512226725117,
            32.400385978817916,
            40.07171498994044,
            59.06246142088234,
            65.50056043251121,
            73.73049189085312,
            116.71333512145915,
            128.91927807815838,
            15.0
        ]
    ]
}