{
    "commutingTime": [
        [
            15.0,
            38.64816694146909,
            75.90803882966917,
            20.726858555062666,
            32.084355330353624,
            34.430031536305016,
            40.69875982490462,
            60.768033363415846,
            54.07581266239452,
            84.06222602535897,
            107.53906387560227
        ],
        [
            38.64816694146909,
            15.0,
            38.44034816291243,
            32.845746205655736,
            40.77716420544775,
            71.60335378517684,
            30.244574746177527,
            32.73039618998032,
            48.50569420829152,
            74.4991400333435,
            106.91345670733159
        ],
        [
            75.90803882966917,
            38.44034816291243,
            15.0,
            70.87505112935185,
            65.82680203514172,
            109.72108995771843,
            62.054764990571876,
            47.631218070378395,
            58.74565475622153,
            70.9944095749419,
            106.74547931429385
        ],
        [
            20.726858555062666,
            32.845746205655736,
            70.87505112935185,
            15.0,
            47.70645111747408,
            42.7915892394756,
            21.10218488307311,
            43.897579243707675,
            66.5305486330119,
            96.27903536540846,
            123.48741775162824
        ],
        [
            32.084355330353624,
            40.77716420544775,
            65.82680203514172,
            47.70645111747408,
            15.0,
            61.096456194754374,
            61.36404513122293,
            72.80356211201483,
            23.007133595646945,
            52.39664156898825,
            76.01613292293415
        ],
        [
            34.430031536305016,
            71.60335378517684,
            109.72108995771843,
            42.7915892394756,
            61.096456194754374,
            15.0,
            62.448730814024856,
            86.36388749997964,
            84.09512150037924,
            112.83205687334201,
            130.12707491242503
        ],
        [
            40.69875982490462,
            30.244574746177527,
            62.054764990571876,
            21.10218488307311,
            61.36404513122293,
            62.448730814024856,
            15.0,
            24.328647984886015,
            75.68431235123386,
            103.621385283597,
            134.3239248585617
        ],
        [
            60.768033363415846,
            32.73039618998032,
            47.631218070378395,
            43.897579243707675,
            72.80356211201483,
            86.36388749997964,
            24.328647984886015,
            15.0,
            80.79113165117451,
            104.77701589930446,
            138.5440050398246
        ],
        [
            54.07581266239452,
            48.50569420829152,
            58.74565475622153,
            66.5305486330119,
            23.007133595646945,
            84.09512150037924,
            75.68431235123386,
            80.79113165117451,
            15.0,
            30.079606627109438,
            58.714662386139246
        ],
        [
            84.06222602535897,
            74.4991400333435,
            70.9944095749419,
            96.27903536540846,
            52.39664156898825,
            112.83205687334201,
            103.621385283597,
            104.77701589930446,
            30.079606627109438,
            15.0,
            35.751357363982635
        ],
        [
            107.53906387560227,
            106.91345670733159,
            106.74547931429385,
            123.48741775162824,
            76.01613292293415,
            130.12707491242503,
            134.3239248585617,
            138.5440050398246,
            58.714662386139246,
            35.751357363982635,
            15.0
        ]
    ]
}