{
    "commutingTime": [
        [
            15.0,
            29.544651348647573,
            38.540634075962004,
            25.688555380232657,
            37.44045203016095,
            37.59150349459753,
            61.88816689793591,
            57.90393081159287,
            61.1806241078605,
            60.79664882311689,
            56.5776631205598
        ],
        [
            29.544651348647573,
            15.0,
            65.62656718517209,
            32.749470081407,
            20.607768703201177,
            40.35572141145676,
            75.56317984453177,
            86.46690439225462,
            64.88854112348785,
            34.0260514779221,
            44.79075755061505
        ],
        [
            38.540634075962004,
            65.62656718517209,
            15.0,
            60.296049151062114,
            75.96848391307081,
            46.90167676904963,
            42.640055045222034,
            22.11820297694463,
            57.057545833574245,
            98.74014588678239,
            72.25410383596704
        ],
        [
            25.688555380232657,
            32.749470081407,
            60.296049151062114,
            15.0,
            23.84809851941749,
            60.47859298545165,
            87.56900272680335,
            75.8559705371309,
            85.27887607332426,
            50.23608305806291,
            74.11069886397634
        ],
        [
            37.44045203016095,
            20.607768703201177,
            75.96848391307081,
            23.84809851941749,
            15.0,
            59.939521992437086,
            93.49859105772222,
            94.55805166228218,
            84.9217877842652,
            26.464652836537233,
            65.09467288991166
        ],
        [
            37.59150349459753,
            40.35572141145676,
            46.90167676904963,
            60.47859298545165,
            59.939521992437086,
            15.0,
            36.73776302628449,
            68.50547329782934,
            25.250085488893504,
            72.0653709363924,
            25.352510796604825
        ],
        [
            61.88816689793591,
            75.56317984453177,
            42.640055045222034,
            87.56900272680335,
            93.49859105772222,
            36.73776302628449,
            15.0,
            56.20497226978574,
            23.934555408983663,
            108.45062329267164,
            54.160591501948346
        ],
        [
            57.90393081159287,
            86.46690439225462,
            22.11820297694463,
            75.8559705371309,
            94.55805166228218,
            68.50547329782934,
            56.20497226978574,
            15.0,
            75.19744636391205,
            118.70054042629137,
            93.79804077629716
        ],
        [
            61.1806241078605,
            64.88854112348785,
            57.057545833574245,
            85.27887607332426,
            84.9217877842652,
            25.250085488893504,
            23.934555408983663,
            75.19744636391205,
            15.0,
            94.6806374862265,
            32.53099229849901
        ],
        [
            60.79664882311689,
            34.0260514779221,
            98.74014588678239,
            50.23608305806291,
            26.464652836537233,
            72.0653709363924,
            108.45062329267164,
            118.70054042629137,
            94.6806374862265,
            15.0,
            67.4647271542758
        ],
        [
            56.5776631205598,
            44.79075755061505,
            72.25410383596704,
            74.11069886397634,
            65.09467288991166,
            25.352510796604825,
            54.160591501948346,
            93.79804077629716,
            32.53099229849901,
            67.4647271542758,
            15.0
        ]
    ]
}