{
    "commutingTime": [
        [
            15.0,
            37.656768247958226,
            32.86717936882691,
            22.96780591540271,
            57.63250885370539,
            38.05202801337303,
            44.43137331403566,
            46.46120284304462,
            56.885252579989334,
            39.8329933298277,
            55.60003000498549
        ],
        [
            37.656768247958226,
            15.0,
            67.5682864055643,
            54.34718437256066,
            81.2054733231383,
            74.37910845039087,
            60.906750951002444,
            22.64948713064745,
            75.2423322616508,
            54.66754068983373,
            22.256304302095614
        ],
        [
            32.86717936882691,
            67.5682864055643,
            15.0,
            39.34327075495532,
            70.24175001700273,
            33.00391593552898,
            66.50084689907104,
            68.26658911357003,
            39.782171223521026,
            35.190793948007,
            87.57828918865599
        ],
        [
            22.96780591540271,
            54.34718437256066,
            39.34327075495532,
            15.0,
            35.280304001054866,
            22.516067721131584,
            27.161170684237486,
            67.91947094411073,
            73.95464065959698,
            60.056953550533194,
            66.74285858013394
        ],
        [
            57.63250885370539,
            81.2054733231383,
            70.24175001700273,
            35.280304001054866,
            15.0,
            39.646267052093094,
            21.87873020753512,
            99.11114973498198,
            107.98338310721877,
            95.23508504111399,
            85.9537313608526
        ],
        [
            38.05202801337303,
            74.37910845039087,
            33.00391593552898,
            22.516067721131584,
            39.646267052093094,
            15.0,
            43.46819652788551,
            84.33968492225287,
            72.66028751154045,
            64.50780179668811,
            88.72002343283324
        ],
        [
            44.43137331403566,
            60.906750951002444,
            66.50084689907104,
            27.161170684237486,
            21.87873020753512,
            43.46819652788551,
            15.0,
            80.38297455571359,
            99.94190046094101,
            84.18002721519119,
            64.14173236510264
        ],
        [
            46.46120284304462,
            22.64948713064745,
            68.26658911357003,
            67.91947094411073,
            99.11114973498198,
            84.33968492225287,
            80.38297455571359,
            15.0,
            63.25096426232342,
            44.04113630498437,
            40.30666496214607
        ],
        [
            56.885252579989334,
            75.2423322616508,
            39.782171223521026,
            73.95464065959698,
            107.98338310721877,
            72.66028751154045,
            99.94190046094101,
            63.25096426232342,
            15.0,
            20.583053372552108,
            97.48876605393095
        ],
        [
            39.8329933298277,
            54.66754068983373,
            35.190793948007,
            60.056953550533194,
            95.23508504111399,
            64.50780179668811,
            84.18002721519119,
            44.04113630498437,
            20.583053372552108,
            15.0,
            76.91897689551965
        ],
        [
            55.60003000498549,
            22.256304302095614,
            87.57828918865599,
            66.74285858013394,
            85.9537313608526,
            88.72002343283324,
            64.14173236510264,
            40.30666496214607,
            97.48876605393095,
            76.91897689551965,
            15.0
        ]
    ]
}