{
    "commutingTime": [
        [
            15.0,
            31.009178835579608,
            31.12257189928041,
            24.7014149384321,
            45.99843008564258,
            45.561792378577664,
            84.51375128223701,
            42.645663480589015,
            68.83924109488417,
            53.094491296232135,
            108.8241976924798
        ],
        [
            31.009178835579608,
            15.0,
            29.599488227374838,
            25.981116667630406,
            23.871020073313733,
            38.514990064073466,
            71.86642752899635,
            59.94772889620968,
            38.66870654816803,
            76.58475554852131,
            86.59568564189185
        ],
        [
            31.12257189928041,
            29.599488227374838,
            15.0,
            46.1694496849924,
            23.800194104748392,
            64.62932888228224,
            100.74159410678402,
            33.42487977962376,
            52.751357016115,
            52.792933265995636,
            115.80539967132603
        ],
        [
            24.7014149384321,
            25.981116667630406,
            46.1694496849924,
            15.0,
            49.34851199658157,
            20.910119808237994,
            59.827992735260615,
            66.58450264351337,
            62.1648782706835,
            77.76533704392666,
            85.3509586632487
        ],
        [
            45.99843008564258,
            23.871020073313733,
            23.800194104748392,
            49.34851199658157,
            15.0,
            61.92362136356849,
            92.16881298432419,
            56.70383504266534,
            29.155859606460925,
            76.4869445897621,
            99.95598501486496
        ],
        [
            45.561792378577664,
            38.514990064073466,
            64.62932888228224,
            20.910119808237994,
            61.92362136356849,
            15.0,
            38.96033041992439,
            87.40768075922804,
            65.73786803094843,
            98.5257525926465,
            67.17317594446821
        ],
        [
            84.51375128223701,
            71.86642752899635,
            100.74159410678402,
            59.827992735260615,
            92.16881298432419,
            38.96033041992439,
            15.0,
            126.02938310236209,
            84.36855105018797,
            137.47567514910887,
            38.247721150571344
        ],
        [
            42.645663480589015,
            59.94772889620968,
            33.42487977962376,
            66.58450264351337,
            56.70383504266534,
            87.40768075922804,
            126.02938310236209,
            15.0,
            85.85704541270263,
            20.502534654699854,
            146.16617802906032
        ],
        [
            68.83924109488417,
            38.66870654816803,
            52.751357016115,
            62.1648782706835,
            29.155859606460925,
            65.73786803094843,
            84.36855105018797,
            85.85704541270263,
            15.0,
            105.54072975294177,
            81.11741164027217
        ],
        [
            53.094491296232135,
            76.58475554852131,
            52.792933265995636,
            77.76533704392666,
            76.4869445897621,
            98.5257525926465,
            137.47567514910887,
            20.502534654699854,
            105.54072975294177,
            15.0,
            161.06454221299416
        ],
        [
            108.8241976924798,
            86.59568564189185,
            115.80539967132603,
            85.3509586632487,
            99.95598501486496,
            67.17317594446821,
            38.247721150571344,
            146.16617802906032,
            81.11741164027217,
            161.06454221299416,
            15.0
        ]
    ]
}