{
    "commutingTime": [
        [
            15.0,
            31.837232622311003,
            23.091450232786627,
            38.28938064783322,
            28.563267918798218,
            20.074614052082023,
            53.668087512010004,
            83.27508392687011,
            35.23337384999823,
            62.689123063430955,
            83.048307454792
        ],
        [
            31.837232622311003,
            15.0,
            42.09784452321114,
            36.03226082147266,
            28.135643532181913,
            51.615250579004986,
            30.88945184703389,
            51.96420194224798,
            51.77354356376413,
            59.46803747605791,
            84.92201004011365
        ],
        [
            23.091450232786627,
            42.09784452321114,
            15.0,
            24.537201687748855,
            50.348193180257006,
            24.45187320240747,
            49.915221137623924,
            86.6508305731374,
            57.49830621132491,
            44.071455705291335,
            61.24635006110704
        ],
        [
            38.28938064783322,
            36.03226082147266,
            24.537201687748855,
            15.0,
            56.99484297500501,
            47.990479991747584,
            28.286936554805102,
            67.41876849194074,
            72.61412357094129,
            25.41940432108164,
            49.41013994209131
        ],
        [
            28.563267918798218,
            28.135643532181913,
            50.348193180257006,
            56.99484297500501,
            15.0,
            45.417123644781846,
            58.94757184532794,
            74.9805870576851,
            25.538466092914827,
            82.32573922048793,
            105.90981925084176
        ],
        [
            20.074614052082023,
            51.615250579004986,
            24.45187320240747,
            47.990479991747584,
            45.417123644781846,
            15.0,
            69.66326855816308,
            102.29004075705414,
            41.0503700700757,
            68.45194258648091,
            83.72589977604163
        ],
        [
            53.668087512010004,
            30.88945184703389,
            49.915221137623924,
            28.286936554805102,
            58.94757184532794,
            69.66326855816308,
            15.0,
            39.412610830289104,
            81.43670731043522,
            39.48556297976008,
            65.258052017563
        ],
        [
            83.27508392687011,
            51.96420194224798,
            86.6508305731374,
            67.41876849194074,
            74.9805870576851,
            102.29004075705414,
            39.412610830289104,
            15.0,
            100.50399162759325,
            76.32608987154885,
            100.31527053038373
        ],
        [
            35.23337384999823,
            51.77354356376413,
            57.49830621132491,
            72.61412357094129,
            25.538466092914827,
            41.0503700700757,
            81.43670731043522,
            100.50399162759325,
            15.0,
            97.59899177784763,
            118.23969168762045
        ],
        [
            62.689123063430955,
            59.46803747605791,
            44.071455705291335,
            25.41940432108164,
            82.32573922048793,
            68.45194258648091,
            39.48556297976008,
            76.32608987154885,
            97.59899177784763,
            15.0,
            26.13903095260781
        ],
        [
            83.048307454792,
            84.92201004011365,
            61.24635006110704,
            49.41013994209131,
            105.90981925084176,
            83.72589977604163,
            65.258052017563,
            100.31527053038373,
            118.23969168762045,
            26.13903095260781,
            15.0
        ]
    ]
}