{
    "commutingTime": [
        [
            15.0,
            28.92820993101903,
            26.608206570409052,
            47.51105270822423,
            31.134690152678832,
            54.31935099508676,
            28.622251900039128,
            53.64370855950291,
            53.80581938481421,
            20.539853177286165,
            74.90417518552164
        ],
        [
            28.92820993101903,
            15.0,
            52.63495712597213,
            53.95113385249116,
            20.57839291397589,
            72.49710490737831,
            31.585550844454545,
            28.15288154418419,
            35.71753410535373,
            49.09665480245989,
            46.96879670744319
        ],
        [
            26.608206570409052,
            52.63495712597213,
            15.0,
            39.661383050411416,
            57.72788150072002,
            32.19867660055247,
            34.11235234135848,
            79.42123341880287,
            65.85663612225291,
            21.19877762470836,
            94.49549715682629
        ],
        [
            47.51105270822423,
            53.95113385249116,
            39.661383050411416,
            15.0,
            70.47716032255332,
            28.556959627655743,
            22.68078614465009,
            80.80558166625735,
            41.82059907633525,
            57.31525427061198,
            77.10646012879295
        ],
        [
            31.134690152678832,
            20.57839291397589,
            57.72788150072002,
            70.47716032255332,
            15.0,
            83.96279180260197,
            47.88259950933151,
            26.6686598217138,
            56.16533649060238,
            46.269866617924755,
            60.74126470344247
        ],
        [
            54.31935099508676,
            72.49710490737831,
            32.19867660055247,
            28.556959627655743,
            83.96279180260197,
            15.0,
            42.71946045624575,
            100.64292173329301,
            69.4644792161296,
            53.36572849151206,
            103.95004645680471
        ],
        [
            28.622251900039128,
            31.585550844454545,
            34.11235234135848,
            22.68078614465009,
            47.88259950933151,
            42.71946045624575,
            15.0,
            59.13886102971706,
            31.80678745093952,
            44.27117934893064,
            62.87859652700651
        ],
        [
            53.64370855950291,
            28.15288154418419,
            79.42123341880287,
            80.80558166625735,
            26.6686598217138,
            100.64292173329301,
            59.13886102971706,
            15.0,
            51.774244939917,
            71.60490480538027,
            40.4947898413431
        ],
        [
            53.80581938481421,
            35.71753410535373,
            65.85663612225291,
            41.82059907633525,
            56.16533649060238,
            69.4644792161296,
            31.80678745093952,
            51.774244939917,
            15.0,
            73.08658179237221,
            35.564076884262334
        ],
        [
            20.539853177286165,
            49.09665480245989,
            21.19877762470836,
            57.31525427061198,
            46.269866617924755,
            53.36572849151206,
            44.27117934893064,
            71.60490480538027,
            73.08658179237221,
            15.0,
            95.42972851969652
        ],
        [
            74.90417518552164,
            46.96879670744319,
            94.49549715682629,
            77.10646012879295,
            60.74126470344247,
            103.95004645680471,
            62.87859652700651,
            40.4947898413431,
            35.564076884262334,
            95.42972851969652,
            15.0
        ]
    ]
}