{
    "commutingTime": [
        [
            15.0,
            28.1898934103286,
            37.983134471362376,
            33.90605515585149,
            49.12780417533557,
            64.38597316034785,
            79.35937715861589,
            110.12386120117459,
            39.58018307931624,
            61.23745184412479,
            55.557296662127136
        ],
        [
            28.1898934103286,
            15.0,
            53.19196579299915,
            27.930391476247912,
            41.048029753875966,
            65.23069007752244,
            70.39007154888135,
            94.93130821266396,
            67.12920549588529,
            88.74111044611048,
            56.484467636164304
        ],
        [
            37.983134471362376,
            53.19196579299915,
            15.0,
            70.63520096340336,
            37.79047446815065,
            35.03462873785136,
            58.71411664763126,
            93.70790892065958,
            54.83454807710353,
            71.63443592272462,
            93.50284625545554
        ],
        [
            33.90605515585149,
            27.930391476247912,
            70.63520096340336,
            15.0,
            68.2223908430886,
            90.52135385214471,
            98.13907376368095,
            122.53131899148518,
            60.83290542895199,
            80.43814135473167,
            28.558502523264703
        ],
        [
            49.12780417533557,
            41.048029753875966,
            37.79047446815065,
            68.2223908430886,
            15.0,
            26.71501231223906,
            30.68458776979408,
            61.42817629433315,
            83.25474823158258,
            103.34850368663011,
            96.35873564170036
        ],
        [
            64.38597316034785,
            65.23069007752244,
            35.03462873785136,
            90.52135385214471,
            26.71501231223906,
            15.0,
            26.569050788928763,
            61.396709596539175,
            89.53538888240011,
            106.64837301526131,
            117.41807542045497
        ],
        [
            79.35937715861589,
            70.39007154888135,
            58.71411664763126,
            98.13907376368095,
            30.68458776979408,
            26.569050788928763,
            15.0,
            35.1933378358349,
            110.77471501890808,
            129.53610768513607,
            126.53430079589015
        ],
        [
            110.12386120117459,
            94.93130821266396,
            93.70790892065958,
            122.53131899148518,
            61.42817629433315,
            61.396709596539175,
            35.1933378358349,
            15.0,
            144.35238180298194,
            163.80991068498253,
            150.94893650792235
        ],
        [
            39.58018307931624,
            67.12920549588529,
            54.83454807710353,
            60.83290542895199,
            83.25474823158258,
            89.53538888240011,
            110.77471501890808,
            144.35238180298194,
            15.0,
            21.665790449927812,
            66.35581032099003
        ],
        [
            61.23745184412479,
            88.74111044611048,
            71.63443592272462,
            80.43814135473167,
            103.34850368663011,
            106.64837301526131,
            129.53610768513607,
            163.80991068498253,
            21.665790449927812,
            15.0,
            80.83033801450563
        ],
        [
            55.557296662127136,
            56.484467636164304,
            93.50284625545554,
            28.558502523264703,
            96.35873564170036,
            117.41807542045497,
            126.53430079589015,
            150.94893650792235,
            66.35581032099003,
            80.83033801450563,
            15.0
        ]
    ]
}