{
    "commutingTime": [
        [
            15.0,
            25.16370935010573,
            37.625181386699246,
            29.05607071286127,
            31.724863338866726,
            70.83706046450618,
            52.552413166070224,
            78.57422188435756,
            79.471736633878,
            81.08981878717466,
            20.24001832041713
        ],
        [
            25.16370935010573,
            15.0,
            27.143920326249713,
            40.93960454674678,
            46.54325016837832,
            84.50473113486932,
            51.4262485047526,
            83.31405351175712,
            100.77739262683323,
            74.74215847221573,
            20.139177835747716
        ],
        [
            37.625181386699246,
            27.143920326249713,
            15.0,
            30.06236042417805,
            67.76942080232159,
            107.09286930816452,
            78.32160815474661,
            109.49565209174588,
            116.75007776450188,
            101.7225547361422,
            44.964027525829486
        ],
        [
            29.05607071286127,
            40.93960454674678,
            30.06236042417805,
            15.0,
            59.09709637774964,
            96.61061314107141,
            81.39411656626619,
            107.32356867584006,
            96.90739499313484,
            109.35306939093478,
            47.57009190593294
        ],
        [
            31.724863338866726,
            46.54325016837832,
            67.76942080232159,
            59.09709637774964,
            15.0,
            39.37074749146648,
            32.58341028287988,
            49.20130843252437,
            56.07411401809498,
            61.64179700722205,
            27.11689024868289
        ],
        [
            70.83706046450618,
            84.50473113486932,
            107.09286930816452,
            96.61061314107141,
            39.37074749146648,
            15.0,
            46.651506399832854,
            30.441991776273873,
            38.06186879187657,
            62.65337175512493,
            64.38215050706857
        ],
        [
            52.552413166070224,
            51.4262485047526,
            78.32160815474661,
            81.39411656626619,
            32.58341028287988,
            46.651506399832854,
            15.0,
            33.172839006001354,
            78.68728236715792,
            29.612518999527595,
            34.676520183766236
        ],
        [
            78.57422188435756,
            83.31405351175712,
            109.49565209174588,
            107.32356867584006,
            49.20130843252437,
            30.441991776273873,
            33.172839006001354,
            15.0,
            68.4984829258212,
            35.14388733518018,
            64.58454156310194
        ],
        [
            79.471736633878,
            100.77739262683323,
            116.75007776450188,
            96.90739499313484,
            56.07411401809498,
            38.06186879187657,
            78.68728236715792,
            68.4984829258212,
            15.0,
            99.66622528024827,
            82.70261098948777
        ],
        [
            81.08981878717466,
            74.74215847221573,
            101.7225547361422,
            109.35306939093478,
            61.64179700722205,
            62.65337175512493,
            29.612518999527595,
            35.14388733518018,
            99.66622528024827,
            15.0,
            61.79885258586938
        ],
        [
            20.24001832041713,
            20.139177835747716,
            44.964027525829486,
            47.57009190593294,
            27.11689024868289,
            64.38215050706857,
            34.676520183766236,
            64.58454156310194,
            82.70261098948777,
            61.79885258586938,
            15.0
        ]
    ]
}