{
    "commutingTime": [
        [
            15.0,
            26.229414026862216,
            27.04676616413769,
            51.3514231200405,
            70.6908514240258,
            57.37061666608745,
            57.10951493073433,
            35.59582601126569,
            35.426526871923976,
            101.31352258766334,
            36.4049749514459
        ],
        [
            26.229414026862216,
            15.0,
            23.616378725928943,
            34.74445644000468,
            48.42764361403443,
            48.1058860286081,
            56.82639468668422,
            51.83979884974725,
            49.754994682493376,
            80.70768570861867,
            33.54978645495565
        ],
        [
            27.04676616413769,
            23.616378725928943,
            15.0,
            58.36028756009091,
            70.40543998262135,
            30.43655414090135,
            76.96815351255813,
            32.40595680132133,
            61.47052024152871,
            103.00759531292229,
            53.72148066791088
        ],
        [
            51.3514231200405,
            34.74445644000468,
            58.36028756009091,
            15.0,
            23.319925736115714,
            79.9921470291764,
            35.65547688652382,
            84.31810843099029,
            50.56981800486496,
            50.32665350680847,
            23.45330445780253
        ],
        [
            70.6908514240258,
            48.42764361403443,
            70.40543998262135,
            23.319925736115714,
            15.0,
            84.74990034729332,
            55.72016503426147,
            100.26729404909932,
            73.88974367399032,
            32.61847652847962,
            46.77026219084105
        ],
        [
            57.37061666608745,
            48.1058860286081,
            30.43655414090135,
            79.9921470291764,
            84.74990034729332,
            15.0,
            104.78341967694524,
            48.115324326227075,
            91.84171861171477,
            116.2328002754832,
            81.3827288192953
        ],
        [
            57.10951493073433,
            56.82639468668422,
            76.96815351255813,
            35.65547688652382,
            55.72016503426147,
            104.78341967694524,
            15.0,
            92.42409357940669,
            32.129257248182775,
            70.8836400161751,
            23.42026035287869
        ],
        [
            35.59582601126569,
            51.83979884974725,
            32.40595680132133,
            84.31810843099029,
            100.26729404909932,
            48.115324326227075,
            92.42409357940669,
            15.0,
            66.79378209076461,
            132.45043026708908,
            71.94257226834053
        ],
        [
            35.426526871923976,
            49.754994682493376,
            61.47052024152871,
            50.56981800486496,
            73.88974367399032,
            91.84171861171477,
            32.129257248182775,
            66.79378209076461,
            15.0,
            97.23551916330268,
            27.12752262593931
        ],
        [
            101.31352258766334,
            80.70768570861867,
            103.00759531292229,
            50.32665350680847,
            32.61847652847962,
            116.2328002754832,
            70.8836400161751,
            132.45043026708908,
            97.23551916330268,
            15.0,
            71.6506785120338
        ],
        [
            36.4049749514459,
            33.54978645495565,
            53.72148066791088,
            23.45330445780253,
            46.77026219084105,
            81.3827288192953,
            23.42026035287869,
            71.94257226834053,
            27.12752262593931,
            71.6506785120338,
            15.0
        ]
    ]
}