{
    "commutingTime": [
        [
            15.0,
            27.152783130123538,
            34.08694364192913,
            27.66459586442775,
            48.5781131690938,
            66.68626069774695,
            84.67025385684828,
            67.81719708324373,
            20.854227772976987,
            97.80659980160141,
            106.68818391792028
        ],
        [
            27.152783130123538,
            15.0,
            34.65333064512156,
            30.331957112462923,
            30.195002876379657,
            39.568372885598315,
            61.751462072812075,
            71.26427825821331,
            43.209053957723256,
            71.714933811412,
            79.56823283402622
        ],
        [
            34.08694364192913,
            34.65333064512156,
            15.0,
            57.1079574669777,
            64.84398952457639,
            61.08052301479883,
            93.95820598575551,
            36.98301174337013,
            54.457355757254994,
            82.59430271823726,
            100.44316605243196
        ],
        [
            27.66459586442775,
            30.331957112462923,
            57.1079574669777,
            15.0,
            29.563861030413598,
            62.57359155073584,
            65.95311849040667,
            93.34241796089078,
            25.197432119083754,
            97.33376618330776,
            98.13112246209069
        ],
        [
            48.5781131690938,
            30.195002876379657,
            64.84398952457639,
            29.563861030413598,
            15.0,
            39.81786596490148,
            36.922509907913714,
            101.28412857126324,
            54.11432039359648,
            74.42053556668306,
            70.11948000520161
        ],
        [
            66.68626069774695,
            39.568372885598315,
            61.08052301479883,
            62.57359155073584,
            39.81786596490148,
            15.0,
            42.096982956709425,
            89.78435582509107,
            81.68793252544882,
            35.05101260589675,
            40.588185067840065
        ],
        [
            84.67025385684828,
            61.751462072812075,
            93.95820598575551,
            65.95311849040667,
            36.922509907913714,
            42.096982956709425,
            15.0,
            127.56199952271346,
            90.8965159166217,
            64.7910144182679,
            46.19518431062537
        ],
        [
            67.81719708324373,
            71.26427825821331,
            36.98301174337013,
            93.34241796089078,
            101.28412857126324,
            89.78435582509107,
            127.56199952271346,
            15.0,
            85.92827998225097,
            100.64403091051088,
            124.82851382436327
        ],
        [
            20.854227772976987,
            43.209053957723256,
            54.457355757254994,
            25.197432119083754,
            54.11432039359648,
            81.68793252544882,
            90.8965159166217,
            85.92827998225097,
            15.0,
            114.87192089443738,
            119.98257886123268
        ],
        [
            97.80659980160141,
            71.714933811412,
            82.59430271823726,
            97.33376618330776,
            74.42053556668306,
            35.05101260589675,
            64.7910144182679,
            100.64403091051088,
            114.87192089443738,
            15.0,
            30.0092533585467
        ],
        [
            106.68818391792028,
            79.56823283402622,
            100.44316605243196,
            98.13112246209069,
            70.11948000520161,
            40.588185067840065,
            46.19518431062537,
            124.82851382436327,
            119.98257886123268,
            30.0092533585467,
            15.0
        ]
    ]
}