{
    "commutingTime": [
        [
            15.0,
            36.9402705387684,
            28.310721519808478,
            38.50817156514772,
            50.85330659644445,
            83.66388091653944,
            100.15991210320583,
            47.54501662401639,
            73.04599212125783,
            58.410578957076126,
            71.71992988608048
        ],
        [
            36.9402705387684,
            15.0,
            64.2204741259113,
            66.07793303884404,
            86.96337753403526,
            120.40124123209286,
            136.50367921514544,
            67.18555938416107,
            90.27864520434403,
            35.16797833970904,
            104.60855754367685
        ],
        [
            28.310721519808478,
            64.2204741259113,
            15.0,
            42.92494396255269,
            32.77856608193255,
            60.0853186625443,
            72.28337897784007,
            38.845905309084124,
            60.80116552403566,
            86.1269981505257,
            59.53567507195507
        ],
        [
            38.50817156514772,
            66.07793303884404,
            42.92494396255269,
            15.0,
            33.873034656044524,
            66.22556425045971,
            94.0739710066954,
            79.02089970858054,
            102.92595039705785,
            68.47289567786792,
            40.02960849447338
        ],
        [
            50.85330659644445,
            86.96337753403526,
            32.77856608193255,
            33.873034656044524,
            15.0,
            34.29069511697089,
            60.216926013265855,
            70.41174712062842,
            89.28750765736186,
            98.72766767271241,
            27.603608013347312
        ],
        [
            83.66388091653944,
            120.40124123209286,
            60.0853186625443,
            66.22556425045971,
            34.29069511697089,
            15.0,
            34.797623868813794,
            90.71599183392291,
            102.73993619932375,
            132.9012248734524,
            36.80439098977156
        ],
        [
            100.15991210320583,
            136.50367921514544,
            72.28337897784007,
            94.0739710066954,
            60.216926013265855,
            34.797623868813794,
            15.0,
            89.50585476520851,
            92.62420216749788,
            155.65151522958774,
            71.1285419872815
        ],
        [
            47.54501662401639,
            67.18555938416107,
            38.845905309084124,
            79.02089970858054,
            70.41174712062842,
            90.71599183392291,
            89.50585476520851,
            15.0,
            25.518857803480497,
            99.49338522072819,
            97.83279867865747
        ],
        [
            73.04599212125783,
            90.27864520434403,
            60.80116552403566,
            102.92595039705785,
            89.28750765736186,
            102.73993619932375,
            92.62420216749788,
            25.518857803480497,
            15.0,
            123.81421424078393,
            116.82148566838154
        ],
        [
            58.410578957076126,
            35.16797833970904,
            86.1269981505257,
            68.47289567786792,
            98.72766767271241,
            132.9012248734524,
            155.65151522958774,
            99.49338522072819,
            123.81421424078393,
            15.0,
            108.091733600804
        ],
        [
            71.71992988608048,
            104.60855754367685,
            59.53567507195507,
            40.02960849447338,
            27.603608013347312,
            36.80439098977156,
            71.1285419872815,
            97.83279867865747,
            116.82148566838154,
            108.091733600804,
            15.0
        ]
    ]
}