{
    "commutingTime": [
        [
            15.0,
            39.628783915721954,
            32.10890767864729,
            32.6660356069475,
            31.9622858561936,
            33.08446797919575,
            62.15751648818198,
            47.57136154685306,
            88.8396816514912,
            54.53567928988661,
            45.749910455816654
        ],
        [
            39.628783915721954,
            15.0,
            63.575802764434286,
            57.50006936644545,
            38.31000488003393,
            23.733086296290608,
            84.02324190303494,
            23.101750369772812,
            119.0586337092807,
            21.669802768583146,
            61.382311072133994
        ],
        [
            32.10890767864729,
            63.575802764434286,
            15.0,
            58.83894143656571,
            32.43348215948997,
            64.31790192837809,
            32.28939358056539,
            59.90784472795272,
            57.163018835869096,
            82.68420053941654,
            25.59662949579247
        ],
        [
            32.6660356069475,
            57.50006936644545,
            58.83894143656571,
            15.0,
            64.30991552973201,
            36.885553636755795,
            91.03679763750341,
            74.06247993196378,
            110.10360289989042,
            61.328111816847986,
            77.6159103170729
        ],
        [
            31.9622858561936,
            38.31000488003393,
            32.43348215948997,
            64.30991552973201,
            15.0,
            49.970152755405216,
            45.892485573296106,
            28.0182232333895,
            82.5794564314689,
            59.82156784492383,
            23.073087472867982
        ],
        [
            33.08446797919575,
            23.733086296290608,
            64.31790192837809,
            36.885553636755795,
            49.970152755405216,
            15.0,
            91.47497470626573,
            45.388546731308004,
            121.45837334454707,
            24.947789545792652,
            71.18163538114202
        ],
        [
            62.15751648818198,
            84.02324190303494,
            32.28939358056539,
            91.03679763750341,
            45.892485573296106,
            91.47497470626573,
            15.0,
            71.65198936619753,
            39.623636755015795,
            105.26677658865108,
            23.154202537939497
        ],
        [
            47.57136154685306,
            23.101750369772812,
            59.90784472795272,
            74.06247993196378,
            28.0182232333895,
            45.388546731308004,
            71.65198936619753,
            15.0,
            109.85145206498791,
            42.34414767279636,
            48.587024677927786
        ],
        [
            88.8396816514912,
            119.0586337092807,
            57.163018835869096,
            110.10360289989042,
            82.5794564314689,
            121.45837334454707,
            39.623636755015795,
            109.85145206498791,
            15.0,
            139.2153955044906,
            61.57311262302261
        ],
        [
            54.53567928988661,
            21.669802768583146,
            82.68420053941654,
            61.328111816847986,
            59.82156784492383,
            24.947789545792652,
            105.26677658865108,
            42.34414767279636,
            139.2153955044906,
            15.0,
            82.85945587586458
        ],
        [
            45.749910455816654,
            61.382311072133994,
            25.59662949579247,
            77.6159103170729,
            23.073087472867982,
            71.18163538114202,
            23.154202537939497,
            48.587024677927786,
            61.57311262302261,
            82.85945587586458,
            15.0
        ]
    ]
}