{
    "commutingTime": [
        [
            15.0,
            37.31383183218162,
            70.21629509243452,
            27.54559804236879,
            63.61622666773548,
            48.340978489082,
            58.30659997906172,
            79.78456460459101,
            91.51781547532245,
            99.15899560108217,
            44.878693032182824
        ],
        [
            37.31383183218162,
            15.0,
            34.67476456930848,
            20.105911579474707,
            35.79366804162643,
            58.00013808947079,
            76.73434066625043,
            43.86463977097664,
            106.77956999207464,
            63.11833065256591,
            78.21049053034555
        ],
        [
            70.21629509243452,
            34.67476456930848,
            15.0,
            53.94959865985406,
            47.4123477573631,
            89.61835727762357,
            109.68175379314057,
            32.332213208518766,
            137.70691009730845,
            28.947744014759678,
            112.76224221587177
        ],
        [
            27.54559804236879,
            20.105911579474707,
            53.94959865985406,
            15.0,
            36.13539976831507,
            38.338547574860286,
            56.63343224651945,
            54.78355146258559,
            87.05555308600272,
            81.50408564697943,
            60.88963479575638
        ],
        [
            63.61622666773548,
            35.79366804162643,
            47.4123477573631,
            36.13539976831507,
            15.0,
            53.71948671539055,
            74.96042774364213,
            26.858837372325247,
            96.98812460240585,
            65.74761711459622,
            92.14066904724547
        ],
        [
            48.340978489082,
            58.00013808947079,
            89.61835727762357,
            38.338547574860286,
            53.71948671539055,
            15.0,
            21.28113730824022,
            80.0144984303124,
            48.7812725318594,
            114.83443277465699,
            46.59087818772806
        ],
        [
            58.30659997906172,
            76.73434066625043,
            109.68175379314057,
            56.63343224651945,
            74.96042774364213,
            21.28113730824022,
            15.0,
            101.2946380215487,
            33.22492990551099,
            135.6116318021117,
            37.037026134185794
        ],
        [
            79.78456460459101,
            43.86463977097664,
            32.332213208518766,
            54.78355146258559,
            26.858837372325247,
            80.0144984303124,
            101.2946380215487,
            15.0,
            123.80629249021916,
            41.00343903842411,
            114.96337002465792
        ],
        [
            91.51781547532245,
            106.77956999207464,
            137.70691009730845,
            87.05555308600272,
            96.98812460240585,
            48.7812725318594,
            33.22492990551099,
            123.80629249021916,
            15.0,
            161.52893708952283,
            64.14045501901005
        ],
        [
            99.15899560108217,
            63.11833065256591,
            28.947744014759678,
            81.50408564697943,
            65.74761711459622,
            114.83443277465699,
            135.6116318021117,
            41.00343903842411,
            161.52893708952283,
            15.0,
            141.32547954175016
        ],
        [
            44.878693032182824,
            78.21049053034555,
            112.76224221587177,
            60.88963479575638,
            92.14066904724547,
            46.59087818772806,
            37.037026134185794,
            114.96337002465792,
            64.14045501901005,
            141.32547954175016,
            15.0
        ]
    ]
}