{
    "commutingTime": [
        [
            15.0,
            35.00217622987581,
            34.475347315121226,
            66.18254850091597,
            31.80923542317859,
            39.347946027869696,
            72.89521995692073,
            58.522589996889394,
            85.1921665282013,
            20.792342437193145,
            54.88199561491899
        ],
        [
            35.00217622987581,
            15.0,
            38.32573027769331,
            71.60552028388915,
            62.34001015797593,
            23.286331797454267,
            68.24278161944974,
            24.939703541833484,
            93.09133020320698,
            27.8297981577522,
            23.37835772835837
        ],
        [
            34.475347315121226,
            38.32573027769331,
            15.0,
            34.75196120563699,
            38.47549241459478,
            20.308457295352785,
            38.43962168654741,
            61.137072305192845,
            55.805248987085704,
            48.26130491933022,
            42.54147046510774
        ],
        [
            66.18254850091597,
            71.60552028388915,
            34.75196120563699,
            15.0,
            53.85027605232603,
            49.549761831026515,
            20.14634963184054,
            91.78930028440098,
            21.506624828282867,
            82.56212519116698,
            68.29531011062124
        ],
        [
            31.80923542317859,
            62.34001015797593,
            38.47549241459478,
            53.85027605232603,
            15.0,
            55.457809765508586,
            68.52696090191549,
            87.20345181661102,
            67.13080712718414,
            52.39293081443473,
            76.52515338044414
        ],
        [
            39.347946027869696,
            23.286331797454267,
            20.308457295352785,
            49.549761831026515,
            55.457809765508586,
            15.0,
            44.960725532879614,
            42.40474926281522,
            71.01386114286976,
            44.038825243222234,
            22.267800014273906
        ],
        [
            72.89521995692073,
            68.24278161944974,
            38.43962168654741,
            20.14634963184054,
            68.52696090191549,
            44.960725532879614,
            15.0,
            84.21545278948928,
            34.243778843103435,
            85.48656819390649,
            58.51946244887633
        ],
        [
            58.522589996889394,
            24.939703541833484,
            61.137072305192845,
            91.78930028440098,
            87.20345181661102,
            42.40474926281522,
            84.21545278948928,
            15.0,
            113.14705564620476,
            45.30634677087815,
            26.374645211968478
        ],
        [
            85.1921665282013,
            93.09133020320698,
            55.805248987085704,
            21.506624828282867,
            67.13080712718414,
            71.01386114286976,
            34.243778843103435,
            113.14705564620476,
            15.0,
            102.81579723845138,
            89.15219101281595
        ],
        [
            20.792342437193145,
            27.8297981577522,
            48.26130491933022,
            82.56212519116698,
            52.39293081443473,
            44.038825243222234,
            85.48656819390649,
            45.30634677087815,
            102.81579723845138,
            15.0,
            51.172640513635024
        ],
        [
            54.88199561491899,
            23.37835772835837,
            42.54147046510774,
            68.29531011062124,
            76.52515338044414,
            22.267800014273906,
            58.51946244887633,
            26.374645211968478,
            89.15219101281595,
            51.172640513635024,
            15.0
        ]
    ]
}