{
    "commutingTime": [
        [
            15.0,
            28.66753409342734,
            24.000817948266402,
            39.253850037414495,
            61.3866835865779,
            59.59851803442449,
            85.02950374121761,
            82.06550738602317,
            54.676993345847144,
            21.424670467631085,
            106.9731657335788
        ],
        [
            28.66753409342734,
            15.0,
            33.68790453377397,
            61.40114627751096,
            57.203499964296284,
            45.3328540556062,
            72.2445911699969,
            77.99545317666988,
            28.13683540502147,
            38.92158511380964,
            85.56828448895621
        ],
        [
            24.000817948266402,
            33.68790453377397,
            15.0,
            29.980372625304653,
            38.099478022794344,
            41.162811243284885,
            63.96972072444,
            58.33372097683295,
            48.89287141077899,
            45.4254864111176,
            90.80002395247337
        ],
        [
            39.253850037414495,
            61.40114627751096,
            29.980372625304653,
            15.0,
            54.3186250007538,
            66.30516703717839,
            83.4061530557986,
            69.009627021346,
            78.84442827779958,
            55.56961685070118,
            115.48680861747884
        ],
        [
            61.3866835865779,
            57.203499964296284,
            38.099478022794344,
            54.3186250007538,
            15.0,
            21.850871215619623,
            29.13389863351318,
            21.192137898226797,
            51.621920370641256,
            82.5187042460256,
            63.552683965131656
        ],
        [
            59.59851803442449,
            45.3328540556062,
            41.162811243284885,
            66.30516703717839,
            21.850871215619623,
            15.0,
            26.960683995318092,
            37.20845893596438,
            31.556231622355163,
            78.62969373105803,
            49.77302986273374
        ],
        [
            85.02950374121761,
            72.2445911699969,
            63.96972072444,
            83.4061530557986,
            29.13389863351318,
            26.960683995318092,
            15.0,
            25.265322092144867,
            54.616909961082754,
            104.89721570425742,
            37.27796082946092
        ],
        [
            82.06550738602317,
            77.99545317666988,
            58.33372097683295,
            69.009627021346,
            21.192137898226797,
            37.20845893596438,
            25.265322092144867,
            15.0,
            68.76389668328622,
            103.35375801238585,
            62.258331352707046
        ],
        [
            54.676993345847144,
            28.13683540502147,
            48.89287141077899,
            78.84442827779958,
            51.621920370641256,
            31.556231622355163,
            54.616909961082754,
            68.76389668328622,
            15.0,
            67.0545508352975,
            59.08751373247976
        ],
        [
            21.424670467631085,
            38.92158511380964,
            45.4254864111176,
            55.56961685070118,
            82.5187042460256,
            78.62969373105803,
            104.89721570425742,
            103.35375801238585,
            67.0545508352975,
            15.0,
            123.57152675263526
        ],
        [
            106.9731657335788,
            85.56828448895621,
            90.80002395247337,
            115.48680861747884,
            63.552683965131656,
            49.77302986273374,
            37.27796082946092,
            62.258331352707046,
            59.08751373247976,
            123.57152675263526,
            15.0
        ]
    ]
}