{
    "commutingTime": [
        [
            15.0,
            37.84708168486699,
            30.013936769089543,
            36.47322317435562,
            42.15546359785733,
            22.187511916407484,
            67.69663379139458,
            45.67961897226267,
            63.74493132974041,
            59.04225468471708,
            57.88748202697274
        ],
        [
            37.84708168486699,
            15.0,
            66.51298904976005,
            34.707102706815675,
            20.17624104719302,
            56.37937402286535,
            53.05820250553454,
            65.84366715651467,
            38.76616325291825,
            89.20723363141906,
            56.63065412802395
        ],
        [
            30.013936769089543,
            66.51298904976005,
            15.0,
            51.58519435783387,
            72.08763263830328,
            28.71709724614858,
            95.18913976778413,
            36.72992042708244,
            93.37510482517371,
            33.939591380906776,
            81.67523940945928
        ],
        [
            36.47322317435562,
            34.707102706815675,
            51.58519435783387,
            15.0,
            52.888373094053286,
            58.25295136907508,
            85.77081015772858,
            34.46615093257325,
            73.32809323001322,
            62.152293256855096,
            84.12167393750387
        ],
        [
            42.15546359785733,
            20.17624104719302,
            72.08763263830328,
            52.888373094053286,
            15.0,
            53.86001761272727,
            33.132766240077075,
            80.32413623923244,
            22.172196158826207,
            99.9078175574268,
            37.528054473456194
        ],
        [
            22.187511916407484,
            56.37937402286535,
            28.71709724614858,
            58.25295136907508,
            53.86001761272727,
            15.0,
            70.10714314465635,
            59.429934458187596,
            72.43661538277895,
            62.65447153499944,
            54.21069740108625
        ],
        [
            67.69663379139458,
            53.05820250553454,
            95.18913976778413,
            85.77081015772858,
            33.132766240077075,
            70.10714314465635,
            15.0,
            110.79364977455465,
            20.04221909846289,
            126.65386281983729,
            21.48142400197446
        ],
        [
            45.67961897226267,
            65.84366715651467,
            36.72992042708244,
            34.46615093257325,
            80.32413623923244,
            59.429934458187596,
            110.79364977455465,
            15.0,
            102.29800951915186,
            29.391326575564676,
            103.35259742370766
        ],
        [
            63.74493132974041,
            38.76616325291825,
            93.37510482517371,
            73.32809323001322,
            22.172196158826207,
            72.43661538277895,
            20.04221909846289,
            102.29800951915186,
            15.0,
            121.99969801062083,
            36.762579214687776
        ],
        [
            59.04225468471708,
            89.20723363141906,
            33.939591380906776,
            62.152293256855096,
            99.9078175574268,
            62.65447153499944,
            126.65386281983729,
            29.391326575564676,
            121.99969801062083,
            15.0,
            114.82658006456275
        ],
        [
            57.88748202697274,
            56.63065412802395,
            81.67523940945928,
            84.12167393750387,
            37.528054473456194,
            54.21069740108625,
            21.48142400197446,
            103.35259742370766,
            36.762579214687776,
            114.82658006456275,
            15.0
        ]
    ]
}