{
    "commutingTime": [
        [
            15.0,
            35.98838249558708,
            33.273842088784264,
            21.123709649655773,
            54.52650373333116,
            69.37236983457642,
            57.53165964002463,
            61.22581538138791,
            49.88637332545621,
            59.64536981303241,
            32.360108929996926
        ],
        [
            35.98838249558708,
            15.0,
            21.79663756509585,
            54.733414262758885,
            90.18958421347426,
            39.78569040234443,
            21.801815928341803,
            48.05273016239217,
            36.85005238711926,
            91.83836320219285,
            53.437144884284784
        ],
        [
            33.273842088784264,
            21.79663756509585,
            15.0,
            44.888859511714315,
            81.14837172157755,
            37.339289398176604,
            38.87928921507182,
            30.402490433990764,
            56.956032855396685,
            77.65393864068362,
            35.90376320196008
        ],
        [
            21.123709649655773,
            54.733414262758885,
            44.888859511714315,
            15.0,
            36.37080951737951,
            82.1554174530222,
            76.53050604846341,
            66.12770236505666,
            70.62349240629975,
            38.5261425396044,
            22.16501248535574
        ],
        [
            54.52650373333116,
            90.18958421347426,
            81.14837172157755,
            36.37080951737951,
            15.0,
            118.26635253495137,
            111.91903380144437,
            99.50009993532186,
            98.86266424524102,
            23.814534675391574,
            51.58372620629063
        ],
        [
            69.37236983457642,
            39.78569040234443,
            37.339289398176604,
            82.1554174530222,
            118.26635253495137,
            15.0,
            34.01100870965899,
            31.101509495066324,
            72.25996176106547,
            112.6803620357847,
            70.02997568817341
        ],
        [
            57.53165964002463,
            21.801815928341803,
            38.87928921507182,
            76.53050604846341,
            111.91903380144437,
            34.01100870965899,
            15.0,
            55.72009934727111,
            40.24723511969227,
            113.38297892947259,
            73.77167931640744
        ],
        [
            61.22581538138791,
            48.05273016239217,
            30.402490433990764,
            66.12770236505666,
            99.50009993532186,
            31.101509495066324,
            55.72009934727111,
            15.0,
            84.89849223394776,
            89.04779625823176,
            48.02765304925198
        ],
        [
            49.88637332545621,
            36.85005238711926,
            56.956032855396685,
            70.62349240629975,
            98.86266424524102,
            72.25996176106547,
            40.24723511969227,
            84.89849223394776,
            15.0,
            108.71748572018114,
            79.61341384265522
        ],
        [
            59.64536981303241,
            91.83836320219285,
            77.65393864068362,
            38.5261425396044,
            23.814534675391574,
            112.6803620357847,
            113.38297892947259,
            89.04779625823176,
            108.71748572018114,
            15.0,
            42.650395797364574
        ],
        [
            32.360108929996926,
            53.437144884284784,
            35.90376320196008,
            22.16501248535574,
            51.58372620629063,
            70.02997568817341,
            73.77167931640744,
            48.02765304925198,
            79.61341384265522,
            42.650395797364574,
            15.0
        ]
    ]
}