{
    "commutingTime": [
        [
            15.0,
            24.783335901027286,
            28.030286627535677,
            41.710905853305775,
            41.315996778947365,
            35.686198384560115,
            71.17463641643246,
            55.25852572972109,
            53.58514466742647,
            51.24169466959685,
            61.70866223441185
        ],
        [
            24.783335901027286,
            15.0,
            50.540530955625925,
            46.98656967903268,
            66.05685366629992,
            25.792602822524113,
            74.63494050706267,
            49.24585748766545,
            69.89395730639504,
            30.152694255081904,
            84.91004848129403
        ],
        [
            28.030286627535677,
            50.540530955625925,
            15.0,
            36.94782923250715,
            25.86117974105356,
            49.02543850835051,
            61.118941996679894,
            58.913756373733456,
            30.35128610465594,
            70.47417941937171,
            34.37564470047027
        ],
        [
            41.710905853305775,
            46.98656967903268,
            36.94782923250715,
            15.0,
            62.804366782812814,
            26.860549072569036,
            29.543092865799913,
            23.39936950975185,
            31.43482010830715,
            48.924388500826105,
            61.367664142612945
        ],
        [
            41.315996778947365,
            66.05685366629992,
            25.86117974105356,
            62.804366782812814,
            15.0,
            71.90673486254734,
            85.96589014707044,
            84.42391128106469,
            50.29911480800999,
            91.28043642404903,
            32.18599229050285
        ],
        [
            35.686198384560115,
            25.792602822524113,
            49.02543850835051,
            26.860549072569036,
            71.90673486254734,
            15.0,
            50.60093123231109,
            23.456216657890582,
            56.46582579291733,
            23.00934092034377,
            80.90215603559314
        ],
        [
            71.17463641643246,
            74.63494050706267,
            61.118941996679894,
            29.543092865799913,
            85.96589014707044,
            50.60093123231109,
            15.0,
            31.651171313923275,
            39.77947834089962,
            67.72254157393711,
            74.21970150353967
        ],
        [
            55.25852572972109,
            49.24585748766545,
            58.913756373733456,
            23.39936950975185,
            84.42391128106469,
            23.456216657890582,
            31.651171313923275,
            15.0,
            53.433392651163224,
            36.2794194199265,
            84.73091704799967
        ],
        [
            53.58514466742647,
            69.89395730639504,
            30.35128610465594,
            31.43482010830715,
            50.29911480800999,
            56.46582579291733,
            39.77947834089962,
            53.433392651163224,
            15.0,
            79.35933771739758,
            34.492904945108
        ],
        [
            51.24169466959685,
            30.152694255081904,
            70.47417941937171,
            48.924388500826105,
            91.28043642404903,
            23.00934092034377,
            67.72254157393711,
            36.2794194199265,
            79.35933771739758,
            15.0,
            103.38346683089263
        ],
        [
            61.70866223441185,
            84.91004848129403,
            34.37564470047027,
            61.367664142612945,
            32.18599229050285,
            80.90215603559314,
            74.21970150353967,
            84.73091704799967,
            34.492904945108,
            103.38346683089263,
            15.0
        ]
    ]
}