{
    "commutingTime": [
        [
            15.0,
            34.47927249259609,
            28.503490866491727,
            57.12040486446021,
            82.53806322243094,
            21.618650039232364,
            35.23870203879007,
            99.51355322923341,
            62.22278652653033,
            128.03877187733818,
            31.850368002012534
        ],
        [
            34.47927249259609,
            15.0,
            20.301854299636492,
            56.896699106802636,
            63.83473833556578,
            37.14244363281208,
            61.65557733456191,
            70.33591111282719,
            31.20274327944798,
            95.53823375479763,
            45.33897082098143
        ],
        [
            28.503490866491727,
            20.301854299636492,
            15.0,
            37.95417935264301,
            54.73548388005343,
            42.51647045204001,
            62.8219852939693,
            71.56898054754674,
            50.87771859260367,
            101.5776408296239,
            25.730153639041088
        ],
        [
            57.12040486446021,
            56.896699106802636,
            37.95417935264301,
            15.0,
            39.70114255414816,
            76.79495310961806,
            91.46969877527374,
            72.19696398374802,
            84.30267752165747,
            106.44480868428703,
            27.353677915635643
        ],
        [
            82.53806322243094,
            63.83473833556578,
            54.73548388005343,
            39.70114255414816,
            15.0,
            96.75618544957224,
            117.45327635970754,
            35.68295547902402,
            78.74080968389994,
            69.54251417388785,
            61.526133413148834
        ],
        [
            21.618650039232364,
            37.14244363281208,
            42.51647045204001,
            76.79495310961806,
            96.75618544957224,
            15.0,
            25.14802221864628,
            107.41432687243005,
            55.30176073265617,
            132.07736988480323,
            53.05451791952439
        ],
        [
            35.23870203879007,
            61.65557733456191,
            62.8219852939693,
            91.46969877527374,
            117.45327635970754,
            25.14802221864628,
            15.0,
            131.398948370819,
            79.79203221107097,
            157.02418741120576,
            64.73482487058133
        ],
        [
            99.51355322923341,
            70.33591111282719,
            71.56898054754674,
            72.19696398374802,
            35.68295547902402,
            107.41432687243005,
            131.398948370819,
            15.0,
            69.94468611663031,
            34.319943085432705,
            87.86279283948038
        ],
        [
            62.22278652653033,
            31.20274327944798,
            50.87771859260367,
            84.30267752165747,
            78.74080968389994,
            55.30176073265617,
            79.79203221107097,
            69.94468611663031,
            15.0,
            84.4398912181737,
            76.40003474223444
        ],
        [
            128.03877187733818,
            95.53823375479763,
            101.5776408296239,
            106.44480868428703,
            69.54251417388785,
            132.07736988480323,
            157.02418741120576,
            34.319943085432705,
            84.4398912181737,
            15.0,
            120.5795715715426
        ],
        [
            31.850368002012534,
            45.33897082098143,
            25.730153639041088,
            27.353677915635643,
            61.526133413148834,
            53.05451791952439,
            64.73482487058133,
            87.86279283948038,
            76.40003474223444,
            120.5795715715426,
            15.0
        ]
    ]
}