{
    "commutingTime": [
        [
            15.0,
            22.82882734845648,
            39.03193223057899,
            38.76335448383319,
            31.670103100695016,
            39.98571358392489,
            22.69575418486518,
            52.62737413022435,
            67.70473074407057,
            62.84166515193789,
            79.1052933723362
        ],
        [
            22.82882734845648,
            15.0,
            61.41538442427946,
            60.840747742167245,
            39.26323512923959,
            56.955423120438034,
            39.57677600377829,
            32.67648263072371,
            86.34523897279985,
            80.93625542695366,
            58.96263570668893
        ],
        [
            39.03193223057899,
            61.41538442427946,
            15.0,
            21.975672719098466,
            55.73573147753065,
            43.19503414519955,
            28.022209166692903,
            87.13694487685162,
            36.973298480934965,
            53.45257074502306,
            112.41487692447515
        ],
        [
            38.76335448383319,
            60.840747742167245,
            21.975672719098466,
            15.0,
            41.185518739496985,
            22.691141636448638,
            40.56521739899865,
            91.34291030096904,
            58.205429570993594,
            32.1726127612626,
            117.75571705556501
        ],
        [
            31.670103100695016,
            39.26323512923959,
            55.73573147753065,
            41.185518739496985,
            15.0,
            24.234272358559696,
            52.386692431131166,
            71.23873238324379,
            91.28406851080292,
            46.651270149257854,
            96.67117610004263
        ],
        [
            39.98571358392489,
            56.955423120438034,
            43.19503414519955,
            22.691141636448638,
            24.234272358559696,
            15.0,
            52.6441063238911,
            89.5789532676768,
            80.1233063102819,
            24.027804303060666,
            115.91606017332678
        ],
        [
            22.69575418486518,
            39.57677600377829,
            28.022209166692903,
            40.56521739899865,
            52.386692431131166,
            52.6441063238911,
            15.0,
            60.30087685588264,
            46.78181019932986,
            71.37264697964255,
            84.866681652481
        ],
        [
            52.62737413022435,
            32.67648263072371,
            87.13694487685162,
            91.34291030096904,
            71.23873238324379,
            89.5789532676768,
            60.30087685588264,
            15.0,
            103.0037000261108,
            113.51092670611297,
            26.538294439516125
        ],
        [
            67.70473074407057,
            86.34523897279985,
            36.973298480934965,
            58.205429570993594,
            91.28406851080292,
            80.1233063102819,
            46.78181019932986,
            103.0037000261108,
            15.0,
            87.45128868724011,
            124.37834846629688
        ],
        [
            62.84166515193789,
            80.93625542695366,
            53.45257074502306,
            32.1726127612626,
            46.651270149257854,
            24.027804303060666,
            71.37264697964255,
            113.51092670611297,
            87.45128868724011,
            15.0,
            139.89705636519076
        ],
        [
            79.1052933723362,
            58.96263570668893,
            112.41487692447515,
            117.75571705556501,
            96.67117610004263,
            115.91606017332678,
            84.866681652481,
            26.538294439516125,
            124.37834846629688,
            139.89705636519076,
            15.0
        ]
    ]
}