{
    "commutingTime": [
        [
            15.0,
            31.738954258757538,
            36.13368535882256,
            36.35079978709619,
            32.33348708454686,
            66.26537948319944,
            73.30638447462468,
            58.01597668335241,
            47.485088849078096,
            68.93786883293349,
            83.42390977352967
        ],
        [
            31.738954258757538,
            15.0,
            57.43386897456823,
            67.82552670065203,
            36.03549097008862,
            98.00325680249097,
            91.18140656915618,
            48.91418921448393,
            29.017535238423932,
            97.3387743385253,
            60.54087343568693
        ],
        [
            36.13368535882256,
            57.43386897456823,
            15.0,
            33.14905704846939,
            27.52854422912952,
            59.963934004700086,
            37.1816281338144,
            49.48502971798168,
            53.827422092288195,
            43.165605666360904,
            84.82219955126158
        ],
        [
            36.35079978709619,
            67.82552670065203,
            33.14905704846939,
            15.0,
            53.226309221811896,
            31.009954879205644,
            60.53059618820569,
            79.34367546832809,
            77.09256429589587,
            37.67885591908095,
            111.84541141058698
        ],
        [
            32.33348708454686,
            36.03549097008862,
            27.52854422912952,
            53.226309221811896,
            15.0,
            83.49437674839571,
            55.96803928983364,
            26.98507410232208,
            26.303366439499918,
            70.69396012579512,
            58.893361783472656
        ],
        [
            66.26537948319944,
            98.00325680249097,
            59.963934004700086,
            31.009954879205644,
            83.49437674839571,
            15.0,
            75.10736369810378,
            108.75195527822582,
            107.98613615954768,
            36.59485507534704,
            142.36159357861501
        ],
        [
            73.30638447462468,
            91.18140656915618,
            37.1816281338144,
            60.53059618820569,
            55.96803928983364,
            75.10736369810378,
            15.0,
            64.16148275335033,
            78.58404325875783,
            41.27246584118459,
            99.857598078357
        ],
        [
            58.01597668335241,
            48.91418921448393,
            49.48502971798168,
            79.34367546832809,
            26.98507410232208,
            108.75195527822582,
            64.16148275335033,
            15.0,
            21.737843786332864,
            90.59042114410057,
            36.56631727984296
        ],
        [
            47.485088849078096,
            29.017535238423932,
            53.827422092288195,
            77.09256429589587,
            26.303366439499918,
            107.98613615954768,
            78.58404325875783,
            21.737843786332864,
            15.0,
            96.99228566110445,
            35.95285652469568
        ],
        [
            68.93786883293349,
            97.3387743385253,
            43.165605666360904,
            37.67885591908095,
            70.69396012579512,
            36.59485507534704,
            41.27246584118459,
            90.59042114410057,
            96.99228566110445,
            15.0,
            126.88213310435131
        ],
        [
            83.42390977352967,
            60.54087343568693,
            84.82219955126158,
            111.84541141058698,
            58.893361783472656,
            142.36159357861501,
            99.857598078357,
            36.56631727984296,
            35.95285652469568,
            126.88213310435131,
            15.0
        ]
    ]
}