{
    "commutingTime": [
        [
            15.0,
            22.788193844839718,
            24.247130405853625,
            26.284270545588633,
            37.47558235953384,
            46.41061821204799,
            32.2893247758228,
            51.61572804655247,
            63.73181858304096,
            44.877654751402346,
            84.94340909520423
        ],
        [
            22.788193844839718,
            15.0,
            45.010647805806364,
            38.877286285804075,
            60.220868821733994,
            52.684080231118756,
            31.585824125159363,
            32.743086438817926,
            86.28793236154607,
            22.19743167868252,
            64.32064998640612
        ],
        [
            24.247130405853625,
            45.010647805806364,
            15.0,
            41.20522091674137,
            23.760524950057615,
            62.454901033951934,
            36.41356607512477,
            75.71798703236955,
            48.991336769537384,
            65.7597264165236,
            108.77200702937759
        ],
        [
            26.284270545588633,
            38.877286285804075,
            41.20522091674137,
            15.0,
            38.1193591452661,
            21.36727220314585,
            58.43315585566311,
            53.00419591324256,
            58.177960631836946,
            58.7608611987299,
            85.75076097627075
        ],
        [
            37.47558235953384,
            60.220868821733994,
            23.760524950057615,
            38.1193591452661,
            15.0,
            55.860638044815424,
            59.54732994753542,
            86.0096191660115,
            26.610198509632664,
            82.35232875925266,
            119.72990472308423
        ],
        [
            46.41061821204799,
            52.684080231118756,
            62.454901033951934,
            21.36727220314585,
            55.860638044815424,
            15.0,
            77.56934174998021,
            53.99970817421773,
            70.3908016649772,
            68.21588936957913,
            82.54995691973592
        ],
        [
            32.2893247758228,
            31.585824125159363,
            36.41356607512477,
            58.43315585566311,
            59.54732994753542,
            77.56934174998021,
            15.0,
            62.588405835173305,
            85.38175573754312,
            42.01318309014661,
            90.41698729912888
        ],
        [
            51.61572804655247,
            32.743086438817926,
            75.71798703236955,
            53.00419591324256,
            86.0096191660115,
            53.99970817421773,
            62.588405835173305,
            15.0,
            109.85827335414668,
            25.874865480409326,
            33.728204478697094
        ],
        [
            63.73181858304096,
            86.28793236154607,
            48.991336769537384,
            58.177960631836946,
            26.610198509632664,
            70.3908016649772,
            85.38175573754312,
            109.85827335414668,
            15.0,
            108.48310755473533,
            143.30758726239213
        ],
        [
            44.877654751402346,
            22.19743167868252,
            65.7597264165236,
            58.7608611987299,
            82.35232875925266,
            68.21588936957913,
            42.01318309014661,
            25.874865480409326,
            108.48310755473533,
            15.0,
            48.514573425119245
        ],
        [
            84.94340909520423,
            64.32064998640612,
            108.77200702937759,
            85.75076097627075,
            119.72990472308423,
            82.54995691973592,
            90.41698729912888,
            33.728204478697094,
            143.30758726239213,
            48.514573425119245,
            15.0
        ]
    ]
}